0.429 CL100_H1 0 1.144 0.9207 0.5756 0.3929 0.2218 3.36724e+14 2.75833e+14 1.68951e+14 1.06598e+14 4.82645e+13 3.02651 2.43576
0.429 CL100_H2 0 1.0541 0.8598 0.5582 0.3929 0.2363 2.63473e+14 2.24436e+14 1.52743e+14 1.06357e+14 5.79407e+13 4.48391 3.6574
0.429 CL101_H1 0 1.0512 0.8569 0.5524 0.3842 0.2305 2.61281e+14 2.21422e+14 1.48005e+14 1.006e+14 5.36438e+13 4.16766 3.39732
0.429 CL102_H1 0 1.2078 0.9874 0.6423 0.4538 0.2769 3.9605e+14 3.3956e+14 2.34156e+14 1.65408e+14 9.32751e+13 4.83602 3.95354
0.429 CL103_H1 0 1.289 1.0657 0.7148 0.5234 0.3349 4.80444e+14 4.2696e+14 3.23338e+14 2.52029e+14 1.66711e+14 8.20643 6.78479
0.429 CL103_H2 0 1.202 0.9874 0.651 0.4654 0.2914 3.90131e+14 3.39568e+14 2.43702e+14 1.78944e+14 1.08575e+14 5.90347 4.84949
0.429 CL104_H1 0 1.2687 1.0251 0.6452 0.4422 0.2537 4.59475e+14 3.7997e+14 2.37821e+14 1.52781e+14 7.22048e+13 3.27025 2.64234
0.429 CL104_H2 0 1.2745 1.0193 0.6307 0.4219 0.2334 4.65055e+14 3.74776e+14 2.21334e+14 1.33019e+14 5.64135e+13 2.65653 2.1246
0.429 CL105_H1 0 1.0222 0.8308 0.535 0.3726 0.2218 2.40356e+14 2.02972e+14 1.35139e+14 9.17477e+13 4.82401e+13 4.10262 3.33443
0.429 CL106_H1 0 1.0483 0.8511 0.5466 0.3784 0.2247 2.59334e+14 2.18086e+14 1.43686e+14 9.61752e+13 4.98151e+13 3.9067 3.17179
0.429 CL107_H1 0 1.0686 0.8656 0.5495 0.3784 0.2189 2.74281e+14 2.28641e+14 1.4644e+14 9.58716e+13 4.67607e+13 3.54105 2.86836
0.429 CL107_H2 0 1.0077 0.8308 0.5524 0.3987 0.2508 2.30316e+14 2.02301e+14 1.48585e+14 1.11818e+14 6.99578e+13 6.68693 5.51305
0.429 CL108_H1 0 1.5036 1.2397 0.825 0.5988 0.3784 7.64509e+14 6.72991e+14 4.9721e+14 3.77904e+14 2.39623e+14 6.98254 5.75702
0.429 CL109_H1 0 1.3615 1.1063 0.7148 0.5002 0.2972 5.66232e+14 4.79028e+14 3.21496e+14 2.20459e+14 1.1652e+14 4.23068 3.43768
0.429 CL109_H2 0 0.9642 0.7728 0.4799 0.3233 0.1812 2.01286e+14 1.63049e+14 9.74007e+13 5.94821e+13 2.60049e+13 2.75791 2.21045
0.429 CL10_H1 0 1.6515 1.318 0.8047 0.5321 0.2885 1.01304e+15 8.07429e+14 4.59667e+14 2.66756e+14 1.06612e+14 2.38446 1.90295
0.429 CL10_H2 0 1.0773 0.883 0.5756 0.4074 0.2479 2.81743e+14 2.42307e+14 1.67901e+14 1.19166e+14 6.72738e+13 4.92172 4.03404
0.429 CL10_H3 0 1.0657 0.8772 0.5843 0.419 0.2653 2.72535e+14 2.38822e+14 1.75123e+14 1.3065e+14 8.19079e+13 6.52814 5.37345
0.429 CL10_H4 0 0.8598 0.7003 0.4509 0.3146 0.187 1.43269e+14 1.21174e+14 8.06452e+13 5.48509e+13 2.87834e+13 4.08687 3.32872
0.429 CL110_H1 0 1.4137 1.1237 0.68 0.4451 0.2392 6.3585e+14 5.00773e+14 2.76854e+14 1.55823e+14 6.00044e+13 2.17749 1.73081
0.429 CL110_H2 0 1.028 0.8453 0.5582 0.3987 0.2479 2.43936e+14 2.1263e+14 1.53097e+14 1.12529e+14 6.79129e+13 5.98422 4.92069
0.429 CL111_H1 0 1.492 1.2078 0.7612 0.5234 0.3001 7.47823e+14 6.20493e+14 3.90518e+14 2.52815e+14 1.20082e+14 3.34342 2.70655
0.429 CL113_H1 0 1.0889 0.8888 0.5756 0.4045 0.245 2.90966e+14 2.47997e+14 1.68392e+14 1.17022e+14 6.42928e+13 4.48411 3.6601
0.429 CL113_H2 0 1.0657 0.8685 0.564 0.3958 0.2392 2.71381e+14 2.31244e+14 1.57776e+14 1.09731e+14 6.03034e+13 4.55805 3.71462
0.429 CL114_H1 0 1.1527 0.9468 0.6278 0.4509 0.2827 3.44415e+14 3.00437e+14 2.17841e+14 1.6157e+14 9.90945e+13 6.15897 5.05883
0.429 CL114_H2 0 1.0715 0.8772 0.5727 0.4045 0.2479 2.76056e+14 2.37578e+14 1.65471e+14 1.17597e+14 6.73062e+13 5.05904 4.14166
0.429 CL115_H1 0 0.9874 0.8047 0.5234 0.3697 0.2218 2.16306e+14 1.84556e+14 1.26495e+14 8.88562e+13 4.86496e+13 4.65368 3.79261
0.429 CL116_H1 0 1.4137 1.1469 0.7351 0.5118 0.3001 6.33925e+14 5.32578e+14 3.49867e+14 2.3549e+14 1.19847e+14 3.88807 3.1543
0.429 CL117_H1 0 1.0251 0.8482 0.5669 0.4132 0.2624 2.43031e+14 2.1514e+14 1.60786e+14 1.23615e+14 7.98176e+13 7.45999 6.17263
0.429 CL117_H2 0 0.97 0.7931 0.5176 0.3668 0.2247 2.04748e+14 1.75912e+14 1.22255e+14 8.70392e+13 4.96958e+13 4.99961 4.08783
0.429 CL118_H1 0 1.1034 0.8888 0.5582 0.3813 0.216 3.01588e+14 2.47851e+14 1.53468e+14 9.74531e+13 4.47046e+13 3.12466 2.51695
0.429 CL119_H1 0 0.9671 0.7757 0.4799 0.3204 0.1783 2.03708e+14 1.64575e+14 9.71352e+13 5.82022e+13 2.48879e+13 2.64259 2.11959
0.429 CL11_H1 0 1.5065 1.2281 0.796 0.5582 0.3349 7.70311e+14 6.55137e+14 4.4395e+14 3.07058e+14 1.65978e+14 4.40514 3.59107
0.429 CL120_H1 0 1.4572 1.1875 0.767 0.5379 0.3233 6.97043e+14 5.92215e+14 3.99225e+14 2.75576e+14 1.48858e+14 4.35391 3.54808
0.429 CL121_H1 0 1.6254 1.3238 0.8569 0.6046 0.3639 9.63829e+14 8.20273e+14 5.5694e+14 3.88858e+14 2.1217e+14 4.5063 3.67014
0.429 CL122_H1 0 1.5558 1.2774 0.8424 0.6046 0.3755 8.4603e+14 7.36035e+14 5.28182e+14 3.89226e+14 2.34029e+14 5.89209 4.83774
0.429 CL123_H1 0 1.3673 1.1179 0.7264 0.5147 0.3117 5.759e+14 4.93314e+14 3.39055e+14 2.39725e+14 1.33543e+14 4.75886 3.89082
0.429 CL124_H1 0 1.1411 0.9323 0.6075 0.4277 0.2595 3.34929e+14 2.86726e+14 1.97551e+14 1.38746e+14 7.74001e+13 4.75579 3.88557
0.429 CL124_H2 0 1.0367 0.8221 0.4944 0.3233 0.1725 2.50359e+14 1.96121e+14 1.0684e+14 5.96661e+13 2.25211e+13 2.10836 1.67192
0.429 CL125_H1 0 1.3992 1.1469 0.7525 0.535 0.3291 6.17203e+14 5.33169e+14 3.75571e+14 2.70552e+14 1.57332e+14 5.3081 4.35096
0.429 CL126_H1 0 1.7675 1.4253 0.8946 0.6104 0.3494 1.24194e+15 1.02229e+15 6.33517e+14 4.02189e+14 1.87612e+14 3.14845 2.53889
0.429 CL127_H1 0 1.202 0.9758 0.6249 0.4364 0.2566 3.90072e+14 3.2817e+14 2.15836e+14 1.46031e+14 7.48303e+13 3.93604 3.19533
0.429 CL128_H1 0 1.3325 1.0831 0.6974 0.4886 0.2914 5.31835e+14 4.49522e+14 2.99843e+14 2.05296e+14 1.08613e+14 4.15442 3.37685
0.429 CL129_H1 0 1.4079 1.1527 0.7525 0.535 0.3262 6.27148e+14 5.39997e+14 3.76455e+14 2.69622e+14 1.53744e+14 5.09551 4.17188
0.429 CL12_H1 0 1.3035 1.0715 0.709 0.506 0.3146 4.99212e+14 4.34803e+14 3.1318e+14 2.2978e+14 1.38433e+14 5.92282 4.86866
0.429 CL12_H2 0 1.0193 0.8308 0.5408 0.3813 0.2305 2.37511e+14 2.02975e+14 1.39717e+14 9.82735e+13 5.45769e+13 4.7689 3.88698
0.429 CL130_H1 0 1.4079 1.1469 0.738 0.5147 0.3059 6.28918e+14 5.31939e+14 3.53721e+14 2.404e+14 1.26065e+14 4.08003 3.32366
0.429 CL131_H1 0 1.2774 1.0338 0.6597 0.4567 0.2653 4.68072e+14 3.90668e+14 2.52763e+14 1.67329e+14 8.27525e+13 3.64601 2.95071
0.429 CL132_H1 0 1.2774 1.0396 0.6713 0.4712 0.2827 4.67963e+14 3.9718e+14 2.67674e+14 1.8494e+14 9.96724e+13 4.35897 3.54751
0.429 CL133_H1 0 1.1382 0.9207 0.5872 0.4045 0.2363 3.31094e+14 2.76059e+14 1.78248e+14 1.17145e+14 5.82192e+13 3.61535 2.92449
0.429 CL133_H2 0 1.0744 0.8743 0.5611 0.39 0.2334 2.78923e+14 2.35534e+14 1.55917e+14 1.05346e+14 5.55619e+13 4.03614 3.28443
0.429 CL133_H3 0 0.97 0.7931 0.5176 0.3697 0.2247 2.04831e+14 1.7625e+14 1.2293e+14 8.85228e+13 5.03734e+13 5.12953 4.19406
0.429 CL134_H1 0 1.1817 0.9642 0.6249 0.4393 0.2653 3.70985e+14 3.16517e+14 2.15725e+14 1.50392e+14 8.26607e+13 4.57867 3.73594
0.429 CL135_H1 0 1.0599 0.8627 0.5553 0.39 0.2334 2.67196e+14 2.26357e+14 1.51369e+14 1.04182e+14 5.55997e+13 4.22714 3.44066
0.429 CL136_H1 0 1.3615 1.1092 0.7148 0.5002 0.2972 5.67782e+14 4.81027e+14 3.21548e+14 2.20142e+14 1.16078e+14 4.18079 3.40605
0.429 CL137_H1 0 1.2252 1.0048 0.6597 0.4683 0.2885 4.14651e+14 3.58466e+14 2.52889e+14 1.82054e+14 1.06175e+14 5.34131 4.38047
0.429 CL138_H1 0 1.0599 0.8627 0.5553 0.3871 0.2305 2.67542e+14 2.2639e+14 1.50982e+14 1.02798e+14 5.42246e+13 4.15302 3.38033
0.429 CL139_H1 0 1.1005 0.9033 0.5959 0.4277 0.2653 2.99549e+14 2.6067e+14 1.87318e+14 1.38183e+14 8.30967e+13 5.94389 4.8788
0.429 CL139_H2 0 0.9439 0.7757 0.5118 0.3668 0.2305 1.88841e+14 1.64604e+14 1.18537e+14 8.74781e+13 5.35329e+13 6.03004 4.9555
0.429 CL13_H1 0 1.3441 1.0976 0.7148 0.5031 0.3059 5.46187e+14 4.67278e+14 3.21568e+14 2.2563e+14 1.26081e+14 4.737 3.86826
0.429 CL13_H2 0 1.0976 0.8946 0.5756 0.4016 0.2392 2.97676e+14 2.5226e+14 1.68332e+14 1.14819e+14 6.06703e+13 4.17408 3.40209
0.429 CL140_H1 0 1.173 0.9555 0.6162 0.4306 0.2566 3.63386e+14 3.08155e+14 2.06654e+14 1.41586e+14 7.51834e+13 4.25052 3.46238
0.429 CL140_H2 0 1.1556 0.9526 0.6307 0.4538 0.2827 3.47362e+14 3.03996e+14 2.20595e+14 1.64171e+14 1.00254e+14 6.23809 5.14227
0.429 CL141_H1 0 1.3876 1.1411 0.7496 0.535 0.332 6.02189e+14 5.23327e+14 3.72334e+14 2.71475e+14 1.61633e+14 5.65375 4.64939
0.429 CL142_H1 0 1.0976 0.8975 0.5843 0.4132 0.2508 2.96894e+14 2.54584e+14 1.75688e+14 1.24238e+14 6.96172e+13 4.83416 3.95286
0.429 CL143_H1 0 1.434 1.1614 0.738 0.5089 0.2943 6.64048e+14 5.53146e+14 3.54152e+14 2.31989e+14 1.12957e+14 3.51162 2.84407
0.429 CL144_H1 0 1.1962 0.97 0.6162 0.4248 0.2479 3.85599e+14 3.22116e+14 2.0706e+14 1.36094e+14 6.74695e+13 3.60015 2.91937
0.429 CL145_H1 0 1.0628 0.8627 0.5524 0.3842 0.2247 2.7071e+14 2.2721e+14 1.48619e+14 9.96116e+13 5.02808e+13 3.80577 3.08924
0.429 CL146_H1 0 1.028 0.8453 0.5553 0.3987 0.2479 2.44209e+14 2.12583e+14 1.51886e+14 1.11817e+14 6.71829e+13 5.8371 4.7997
0.429 CL147_H1 0 1.3586 1.0947 0.6858 0.4683 0.2653 5.64463e+14 4.63486e+14 2.85439e+14 1.80708e+14 8.25944e+13 3.07694 2.47927
0.429 CL148_H1 0 0.9874 0.8076 0.5292 0.3755 0.2305 2.16522e+14 1.86585e+14 1.31001e+14 9.39835e+13 5.43232e+13 5.23725 4.28358
0.429 CL149_H1 0 1.3876 1.1179 0.7003 0.477 0.2711 6.00692e+14 4.92686e+14 3.02715e+14 1.90663e+14 8.72787e+13 3.03751 2.44713
0.429 CL14_H1 0 1.2252 0.999 0.6452 0.4538 0.2711 4.1384e+14 3.51858e+14 2.37345e+14 1.64464e+14 8.8266e+13 4.37187 3.56473
0.429 CL14_H2 0 1.0831 0.8743 0.5495 0.3755 0.2131 2.86292e+14 2.35721e+14 1.46087e+14 9.28255e+13 4.27086e+13 3.11911 2.51781
0.429 CL14_H3 0 0.9903 0.8076 0.5234 0.3668 0.2189 2.18642e+14 1.85936e+14 1.25876e+14 8.69301e+13 4.66033e+13 4.37746 3.56987
0.429 CL150_H1 0 1.3847 1.1353 0.7409 0.5263 0.3233 5.97656e+14 5.1551e+14 3.59923e+14 2.57953e+14 1.48771e+14 5.15442 4.22605
0.429 CL151_H1 0 1.3644 1.1121 0.7177 0.5031 0.3001 5.71985e+14 4.8542e+14 3.25979e+14 2.2428e+14 1.19446e+14 4.2668 3.4778
0.429 CL152_H1 0 1.1614 0.9381 0.5901 0.4016 0.2305 3.52787e+14 2.90952e+14 1.80953e+14 1.14655e+14 5.37643e+13 3.16411 2.55575
0.429 CL153_H1 0 1.3383 1.1034 0.7351 0.5321 0.3349 5.38984e+14 4.74011e+14 3.49723e+14 2.64641e+14 1.66495e+14 6.85113 5.64861
0.429 CL154_H1 0 1.4717 1.1933 0.7641 0.5321 0.3146 7.15508e+14 6.01133e+14 3.94939e+14 2.66106e+14 1.37137e+14 3.91695 3.17598
0.429 CL155_H1 0 1.3557 1.0947 0.6916 0.477 0.274 5.59253e+14 4.63387e+14 2.92925e+14 1.90699e+14 9.11177e+13 3.38679 2.73476
0.429 CL156_H1 0 1.2339 1.0164 0.6771 0.4886 0.3088 4.22365e+14 3.71018e+14 2.73345e+14 2.05996e+14 1.29862e+14 6.7784 5.58357
0.429 CL157_H1 0 1.3789 1.1092 0.6916 0.4654 0.2624 5.89247e+14 4.80649e+14 2.90937e+14 1.78803e+14 7.96981e+13 2.88094 2.31745
0.429 CL157_H2 0 1.3035 1.0686 0.7003 0.4973 0.3059 4.9862e+14 4.30326e+14 3.0206e+14 2.1682e+14 1.25605e+14 5.21256 4.27322
0.429 CL158_H1 0 1.2745 1.0483 0.6916 0.4973 0.3088 4.65572e+14 4.06099e+14 2.925e+14 2.16599e+14 1.30869e+14 6.03682 4.9654
0.429 CL159_H1 0 1.0715 0.8743 0.5698 0.4045 0.2479 2.7601e+14 2.36624e+14 1.63972e+14 1.16767e+14 6.65657e+13 4.9529 4.04136
0.429 CL15_H1 0 1.2687 1.0193 0.6365 0.4335 0.245 4.58532e+14 3.74528e+14 2.28374e+14 1.43272e+14 6.46921e+13 2.97762 2.39228
0.429 CL15_H2 0 1.1904 0.97 0.6249 0.4393 0.2624 3.79219e+14 3.2169e+14 2.15548e+14 1.48677e+14 7.92906e+13 4.25418 3.46653
0.429 CL160_H1 0 1.3383 1.0918 0.709 0.5002 0.303 5.39403e+14 4.6033e+14 3.14624e+14 2.20425e+14 1.21904e+14 4.60798 3.75924
0.429 CL161_H1 0 1.4166 1.1614 0.7641 0.5437 0.3349 6.40664e+14 5.54362e+14 3.92877e+14 2.84283e+14 1.66518e+14 5.45144 4.46936
0.429 CL162_H1 0 1.318 1.0802 0.7119 0.5089 0.3146 5.14135e+14 4.45764e+14 3.18058e+14 2.32361e+14 1.37847e+14 5.67348 4.64984
0.429 CL163_H1 0 1.6544 1.3238 0.8163 0.5466 0.303 1.01766e+15 8.19159e+14 4.80013e+14 2.87824e+14 1.21884e+14 2.60208 2.0821
0.429 CL164_H1 0 1.3644 1.1063 0.7032 0.4828 0.2827 5.72065e+14 4.77163e+14 3.05877e+14 1.99481e+14 9.88798e+13 3.52682 2.85966
0.429 CL165_H1 0 1.3209 1.0831 0.709 0.5031 0.3088 5.19508e+14 4.48011e+14 3.13463e+14 2.24358e+14 1.292e+14 5.12929 4.20587
0.429 CL166_H1 0 0.9787 0.8047 0.5292 0.3813 0.2363 2.10292e+14 1.83291e+14 1.31502e+14 9.74322e+13 5.8624e+13 5.98322 4.91949
0.429 CL166_H2 0 1.0135 0.8192 0.5147 0.3494 0.2015 2.34708e+14 1.93606e+14 1.20136e+14 7.58018e+13 3.57271e+13 3.14434 2.54153
0.429 CL167_H1 0 1.2832 1.0483 0.68 0.4799 0.2885 4.75978e+14 4.06595e+14 2.77558e+14 1.94471e+14 1.06468e+14 4.59638 3.75498
0.429 CL168_H1 0 1.4601 1.1962 0.7844 0.5582 0.3436 6.99826e+14 6.04189e+14 4.2516e+14 3.06404e+14 1.78211e+14 5.29073 4.33448
0.429 CL169_H1 0 1.26 1.0367 0.6887 0.4944 0.3117 4.49035e+14 3.93054e+14 2.87015e+14 2.13891e+14 1.33053e+14 6.42634 5.28745
0.429 CL169_H2 0 1.0918 0.8917 0.5785 0.4074 0.245 2.92944e+14 2.50221e+14 1.70879e+14 1.1948e+14 6.544e+13 4.60603 3.76186
0.429 CL16_H1 0 1.6544 1.3267 0.825 0.5553 0.3117 1.01727e+15 8.25507e+14 4.9541e+14 3.03021e+14 1.33251e+14 2.80268 2.24753
0.429 CL16_H2 0 1.0019 0.8047 0.5031 0.3407 0.1928 2.2548e+14 1.83846e+14 1.11872e+14 6.94799e+13 3.12781e+13 2.9211 2.34615
0.429 CL170_H1 0 1.5703 1.2832 0.8337 0.5872 0.3552 8.7244e+14 7.46345e+14 5.11765e+14 3.58806e+14 1.98765e+14 4.68902 3.83172
0.429 CL170_H2 0 1.0396 0.8511 0.5582 0.3987 0.245 2.52919e+14 2.18375e+14 1.53905e+14 1.11477e+14 6.48725e+13 5.34884 4.37899
0.429 CL171_H1 0 0.9758 0.7873 0.4973 0.3436 0.1986 2.08797e+14 1.72807e+14 1.09099e+14 7.11136e+13 3.42485e+13 3.36799 2.71738
0.429 CL172_H1 0 1.4224 1.1701 0.7728 0.5553 0.3465 6.46318e+14 5.6449e+14 4.08152e+14 3.02866e+14 1.84777e+14 6.176 5.08052
0.429 CL173_H1 0 1.2658 1.0338 0.6684 0.4683 0.2798 4.57049e+14 3.89125e+14 2.62828e+14 1.81408e+14 9.73554e+13 4.37208 3.57075
0.429 CL174_H1 0 1.4804 1.2107 0.7873 0.5582 0.3407 7.28505e+14 6.25261e+14 4.3186e+14 3.06707e+14 1.73559e+14 4.8989 4.00642
0.429 CL175_H1 0 1.1237 0.9033 0.5611 0.3784 0.2131 3.18519e+14 2.59467e+14 1.56109e+14 9.6019e+13 4.26261e+13 2.85568 2.29558
0.429 CL175_H2 0 1.0628 0.8714 0.5698 0.4045 0.2479 2.69607e+14 2.32762e+14 1.63153e+14 1.17105e+14 6.75582e+13 5.23469 4.29198
0.429 CL176_H1 0 1.2658 1.0367 0.6771 0.4799 0.2943 4.55619e+14 3.92384e+14 2.73646e+14 1.95353e+14 1.1212e+14 5.09077 4.16938
0.429 CL177_H1 0 1.4543 1.173 0.7409 0.5089 0.2914 6.90907e+14 5.70931e+14 3.5936e+14 2.31954e+14 1.09678e+14 3.31013 2.66987
0.429 CL178_H1 0 0.9729 0.796 0.5205 0.3697 0.2276 2.07329e+14 1.78579e+14 1.24932e+14 8.95658e+13 5.18262e+13 5.17272 4.23217
0.429 CL178_H2 0 0.9845 0.7786 0.4683 0.3059 0.1609 2.14349e+14 1.67116e+14 9.06472e+13 5.03635e+13 1.84794e+13 2.06614 1.63402
0.429 CL179_H1 0 1.4601 1.1991 0.7931 0.5698 0.3552 6.99686e+14 6.09873e+14 4.40573e+14 3.26308e+14 1.98315e+14 6.08383 4.99631
0.429 CL17_H1 0 1.1527 0.9352 0.6017 0.419 0.2479 3.43679e+14 2.89162e+14 1.91339e+14 1.29262e+14 6.69358e+13 3.97197 3.22251
0.429 CL17_H2 0 1.1063 0.912 0.6046 0.4335 0.274 3.05094e+14 2.67271e+14 1.94607e+14 1.44674e+14 9.00595e+13 6.3552 5.23903
0.429 CL180_H1 0 1.1991 0.9758 0.6249 0.4364 0.2566 3.88703e+14 3.27631e+14 2.15457e+14 1.45759e+14 7.468e+13 3.92364 3.19297
0.429 CL181_H1 0 1.289 1.057 0.6916 0.4915 0.303 4.82621e+14 4.16821e+14 2.9253e+14 2.10344e+14 1.22371e+14 5.25953 4.3129
0.429 CL182_H1 0 1.2078 0.9816 0.6307 0.4393 0.2595 3.9545e+14 3.33404e+14 2.20664e+14 1.49296e+14 7.72865e+13 4.0059 3.25567
0.429 CL183_H1 0 0.9874 0.8105 0.5321 0.3784 0.2334 2.16362e+14 1.87508e+14 1.3286e+14 9.62029e+13 5.65464e+13 5.51423 4.52631
0.429 CL184_H1 0 1.2368 1.0019 0.6394 0.4422 0.2595 4.25807e+14 3.55728e+14 2.30262e+14 1.52301e+14 7.64176e+13 3.65083 2.95745
0.429 CL184_H2 0 1.2455 1.0222 0.6713 0.4799 0.2972 4.35217e+14 3.7744e+14 2.68029e+14 1.95448e+14 1.15854e+14 5.59516 4.59203
0.429 CL185_H1 0 1.0599 0.8685 0.5698 0.4045 0.2479 2.67705e+14 2.31172e+14 1.62781e+14 1.1705e+14 6.77127e+13 5.29775 4.34107
0.429 CL185_H2 0 0.9961 0.8047 0.5118 0.3523 0.2044 2.21722e+14 1.84225e+14 1.17947e+14 7.70411e+13 3.76316e+13 3.49945 2.82703
0.429 CL186_H1 0 1.4021 1.1556 0.767 0.5524 0.3465 6.19328e+14 5.43131e+14 3.97013e+14 2.9722e+14 1.84378e+14 6.50874 5.36445
0.429 CL187_H1 0 1.4079 1.1498 0.7438 0.5234 0.3146 6.28568e+14 5.36297e+14 3.64303e+14 2.53836e+14 1.38366e+14 4.52702 3.69712
0.429 CL18_H1 0 1.2281 1.0048 0.6568 0.4683 0.2856 4.16547e+14 3.58729e+14 2.50786e+14 1.80438e+14 1.03227e+14 5.15855 4.22059
0.429 CL18_H2 0 1.173 0.9352 0.5727 0.3813 0.2073 3.63077e+14 2.8947e+14 1.65874e+14 9.74535e+13 3.9316e+13 2.42285 1.93167
0.429 CL18_H3 0 1.0106 0.825 0.535 0.3755 0.2247 2.32447e+14 1.9808e+14 1.34577e+14 9.33522e+13 5.04452e+13 4.46201 3.64254
0.429 CL190_H1 0 1.0773 0.8772 0.5698 0.4016 0.2421 2.80857e+14 2.39018e+14 1.62888e+14 1.1368e+14 6.22104e+13 4.51761 3.6785
0.429 CL191_H1 0 1.3702 1.0918 0.6655 0.4393 0.2392 5.79042e+14 4.59801e+14 2.59922e+14 1.49819e+14 5.99236e+13 2.32582 1.85325
0.429 CL192_H1 0 1.347 1.0947 0.7061 0.4944 0.2943 5.4891e+14 4.64131e+14 3.10499e+14 2.12722e+14 1.12458e+14 4.18782 3.40342
0.429 CL193_H1 0 1.1556 0.9323 0.5872 0.4016 0.2305 3.46953e+14 2.86209e+14 1.78783e+14 1.14296e+14 5.38543e+13 3.22311 2.6003
0.429 CL193_H2 0 1.1005 0.9004 0.5872 0.419 0.2566 2.99665e+14 2.57836e+14 1.79484e+14 1.28959e+14 7.39166e+13 5.0792 4.15567
0.429 CL194_H1 0 1.2716 1.0425 0.6858 0.4886 0.3001 4.61324e+14 3.99368e+14 2.83331e+14 2.05488e+14 1.2017e+14 5.49869 4.50801
0.429 CL195_H1 0 1.1063 0.883 0.5408 0.361 0.1957 3.04094e+14 2.43136e+14 1.39911e+14 8.27711e+13 3.34075e+13 2.473 1.97384
0.429 CL196_H1 0 1.2252 1.0048 0.6568 0.4683 0.2885 4.13966e+14 3.57489e+14 2.50556e+14 1.80677e+14 1.05006e+14 5.24195 4.29898
0.429 CL196_H2 0 0.9497 0.7757 0.506 0.3581 0.2189 1.92334e+14 1.65134e+14 1.14731e+14 8.15748e+13 4.64463e+13 5.0105 4.0925
0.429 CL198_H1 0 1.1121 0.9149 0.6046 0.4364 0.2711 3.0998e+14 2.70743e+14 1.95849e+14 1.45964e+14 8.86793e+13 6.17418 5.07936
0.429 CL199_H1 0 1.2281 1.0077 0.6655 0.4741 0.2943 4.17136e+14 3.62074e+14 2.59014e+14 1.88759e+14 1.12618e+14 5.70024 4.67725
0.429 CL19_H1 0 1.6573 1.347 0.8656 0.6017 0.3552 1.02506e+15 8.63637e+14 5.70707e+14 3.8466e+14 1.98438e+14 3.96205 3.22022
0.429 CL1_H1 0 1.3876 1.1266 0.7206 0.5002 0.2943 5.99671e+14 5.04087e+14 3.3041e+14 2.21531e+14 1.13135e+14 3.88206 3.15187
0.429 CL1_H2 0 1.1208 0.8975 0.5553 0.3726 0.2073 3.16147e+14 2.55333e+14 1.51137e+14 9.13842e+13 3.92254e+13 2.68758 2.15212
0.429 CL1_H4 0 0.912 0.7467 0.4886 0.3465 0.2131 1.70037e+14 1.46666e+14 1.02892e+14 7.37949e+13 4.27649e+13 5.25064 4.29896
0.429 CL200_H2 0 1.0773 0.883 0.5785 0.4132 0.2537 2.80494e+14 2.42732e+14 1.71492e+14 1.24577e+14 7.275e+13 5.47915 4.49094
0.429 CL201_H1 0 1.1672 0.9555 0.622 0.4422 0.2682 3.58104e+14 3.07689e+14 2.12915e+14 1.51786e+14 8.53817e+13 4.92489 4.03165
0.429 CL202_H1 0 1.0715 0.8801 0.5785 0.4132 0.2537 2.76493e+14 2.39734e+14 1.70059e+14 1.23706e+14 7.23968e+13 5.51297 4.5282
0.429 CL203_H1 0 1.4311 1.1701 0.7583 0.535 0.3233 6.59424e+14 5.64348e+14 3.86041e+14 2.71064e+14 1.49943e+14 4.6862 3.83154
0.429 CL205_H1 0 1.4282 1.1411 0.7032 0.4683 0.2566 6.54852e+14 5.25101e+14 3.05772e+14 1.81134e+14 7.4771e+13 2.52901 2.02062
0.429 CL205_H2 0 1.1498 0.9381 0.6075 0.4277 0.2566 3.41708e+14 2.91384e+14 1.98223e+14 1.38262e+14 7.52513e+13 4.54445 3.70773
0.429 CL205_H3 0 1.0454 0.8569 0.5611 0.3987 0.245 2.57047e+14 2.21941e+14 1.55874e+14 1.1208e+14 6.49605e+13 5.2631 4.31409
0.429 CL206_H1 0 1.2049 0.97 0.6046 0.4103 0.2305 3.93615e+14 3.21935e+14 1.95687e+14 1.22057e+14 5.44909e+13 2.954 2.3781
0.429 CL207_H1 0 1.4572 1.1904 0.7757 0.5466 0.332 6.9558e+14 5.95817e+14 4.11177e+14 2.89472e+14 1.6208e+14 4.80991 3.92926
0.429 CL208_H1 0 1.318 1.0802 0.7061 0.5031 0.3088 5.14135e+14 4.44005e+14 3.11566e+14 2.24746e+14 1.30227e+14 5.29054 4.33599
0.429 CL209_H1 0 1.463 1.1759 0.7351 0.5002 0.2827 7.03667e+14 5.75133e+14 3.51369e+14 2.20335e+14 9.95714e+13 2.98752 2.40125
0.429 CL20_H1 0 1.2252 0.9961 0.6394 0.4451 0.2624 4.13045e+14 3.48056e+14 2.29699e+14 1.55025e+14 7.98134e+13 3.956 3.21627
0.429 CL20_H2 0 1.0657 0.8569 0.5379 0.3639 0.2073 2.72267e+14 2.22777e+14 1.36978e+14 8.54368e+13 3.91333e+13 3.01585 2.42496
0.429 CL210_H1 0 1.2455 1.0106 0.6452 0.448 0.2624 4.3358e+14 3.63693e+14 2.37017e+14 1.58397e+14 7.99751e+13 3.79192 3.07676
0.429 CL211_H1 0 1.202 0.9874 0.6539 0.4712 0.2943 3.89579e+14 3.4014e+14 2.46849e+14 1.83962e+14 1.12689e+14 6.25498 5.13824
0.429 CL212_H1 0 1.1904 0.9497 0.5814 0.3842 0.2102 3.79628e+14 3.02411e+14 1.72646e+14 1.001e+14 4.0581e+13 2.37864 1.89768
0.429 CL213_H1 0 1.1469 0.9294 0.5872 0.4045 0.2334 3.39624e+14 2.82439e+14 1.7883e+14 1.16404e+14 5.60715e+13 3.40629 2.76031
0.429 CL214_H1 0 1.2426 1.0222 0.68 0.4915 0.3088 4.31067e+14 3.77768e+14 2.77009e+14 2.0837e+14 1.29858e+14 6.58994 5.42109
0.429 CL215_H1 0 1.0222 0.825 0.5205 0.3552 0.2044 2.40248e+14 1.98475e+14 1.24536e+14 7.95957e+13 3.77611e+13 3.27158 2.64044
0.429 CL216_H1 0 1.1962 0.9555 0.5843 0.39 0.2131 3.85082e+14 3.07948e+14 1.76649e+14 1.0436e+14 4.25781e+13 2.45454 1.96064
0.429 CL216_H2 0 1.1498 0.9323 0.5959 0.4132 0.2421 3.42088e+14 2.86373e+14 1.86222e+14 1.23905e+14 6.23192e+13 3.71544 3.01262
0.429 CL218_H1 0 1.2977 1.0657 0.7003 0.5002 0.3088 4.92232e+14 4.27053e+14 3.03398e+14 2.21046e+14 1.30519e+14 5.58783 4.58885
0.429 CL219_H1 0 1.434 1.173 0.767 0.5466 0.3349 6.61972e+14 5.70092e+14 3.98827e+14 2.86914e+14 1.65157e+14 5.17432 4.23255
0.429 CL21_H1 0 1.2948 1.057 0.6858 0.4828 0.2914 4.88073e+14 4.16269e+14 2.83531e+14 1.977e+14 1.08391e+14 4.52387 3.69303
0.429 CL21_H2 0 0.9033 0.7293 0.4567 0.3117 0.1783 1.65843e+14 1.36585e+14 8.43238e+13 5.3479e+13 2.48761e+13 3.12286 2.52131
0.429 CL220_H1 0 1.3673 1.1063 0.6974 0.4799 0.2769 5.7481e+14 4.76712e+14 3.00071e+14 1.94433e+14 9.32002e+13 3.34277 2.70468
0.429 CL221_H1 0 1.1092 0.9062 0.593 0.4219 0.2566 3.06526e+14 2.63401e+14 1.83831e+14 1.3167e+14 7.47828e+13 5.06641 4.13918
0.429 CL221_H2 0 1.0019 0.8192 0.535 0.3784 0.2305 2.25924e+14 1.93931e+14 1.34571e+14 9.54364e+13 5.39391e+13 4.92315 4.02539
0.429 CL222_H1 0 1.3992 1.1469 0.7525 0.5379 0.332 6.14666e+14 5.32376e+14 3.77365e+14 2.74874e+14 1.62033e+14 5.56004 4.55747
0.429 CL223_H1 0 1.4862 1.2136 0.7902 0.5553 0.3378 7.38609e+14 6.31502e+14 4.33888e+14 3.0353e+14 1.69335e+14 4.69043 3.83011
0.429 CL225_H1 0 1.289 1.0628 0.7032 0.506 0.3175 4.82687e+14 4.2287e+14 3.07355e+14 2.29187e+14 1.41517e+14 6.34638 5.23268
0.429 CL226_H1 0 1.2919 1.057 0.6916 0.4915 0.3001 4.838e+14 4.16761e+14 2.91808e+14 2.09388e+14 1.20016e+14 5.18286 4.24048
0.429 CL227_H1 0 1.2484 1.0309 0.6887 0.4973 0.3175 4.37682e+14 3.86101e+14 2.86904e+14 2.17663e+14 1.40041e+14 7.13294 5.89022
0.429 CL228_H1 0 1.1904 0.9787 0.6452 0.4625 0.2885 3.79808e+14 3.30849e+14 2.37554e+14 1.74976e+14 1.05835e+14 5.92351 4.87007
0.429 CL229_H1 0 1.2397 1.0019 0.6365 0.4393 0.2537 4.28183e+14 3.55844e+14 2.27479e+14 1.49001e+14 7.2301e+13 3.49169 2.82191
0.429 CL22_H1 0 1.3789 1.1121 0.6974 0.477 0.2711 5.90239e+14 4.85644e+14 3.00278e+14 1.90985e+14 8.80558e+13 3.12501 2.52036
0.429 CL22_H2 0 1.028 0.8424 0.5524 0.3929 0.2392 2.4449e+14 2.10859e+14 1.47953e+14 1.06296e+14 6.07551e+13 5.17944 4.24432
0.429 CL230_H1 0 1.1092 0.9091 0.5959 0.4248 0.2624 3.06432e+14 2.64871e+14 1.86717e+14 1.35054e+14 7.91299e+13 5.372 4.40289
0.429 CL232_H1 0 1.0338 0.8511 0.564 0.4074 0.2537 2.48341e+14 2.17415e+14 1.58345e+14 1.18603e+14 7.27577e+13 6.39368 5.26374
0.429 CL233_H1 0 1.3731 1.115 0.7148 0.5002 0.2972 5.80834e+14 4.89489e+14 3.2341e+14 2.20023e+14 1.14935e+14 4.02354 3.26724
0.429 CL234_H1 0 1.3006 1.0686 0.7032 0.5031 0.3117 4.94883e+14 4.30282e+14 3.07413e+14 2.2526e+14 1.34451e+14 5.77339 4.74354
0.429 CL235_H1 0 1.173 0.9584 0.622 0.4393 0.2653 3.62089e+14 3.10011e+14 2.12825e+14 1.4993e+14 8.31557e+13 4.76189 3.8907
0.429 CL236_H1 0 0.9497 0.7757 0.5002 0.3523 0.2131 1.92644e+14 1.64263e+14 1.11048e+14 7.73027e+13 4.23687e+13 4.4744 3.65462
0.429 CL236_H2 0 0.9468 0.7728 0.5031 0.3552 0.2131 1.91432e+14 1.63427e+14 1.11959e+14 7.85223e+13 4.29173e+13 4.60387 3.75779
0.429 CL237_H1 0 0.9874 0.8105 0.535 0.3813 0.2363 2.16457e+14 1.87953e+14 1.34429e+14 9.8025e+13 5.8389e+13 5.70877 4.686
0.429 CL238_H1 0 1.4833 1.202 0.7699 0.5321 0.3146 7.32669e+14 6.13885e+14 4.01345e+14 2.6683e+14 1.36408e+14 3.79251 3.07328
0.429 CL239_H1 0 1.1411 0.9265 0.5959 0.4161 0.245 3.33794e+14 2.81204e+14 1.86301e+14 1.26424e+14 6.52043e+13 4.00905 3.25509
0.429 CL239_H2 0 0.9816 0.8047 0.5263 0.3755 0.2305 2.12755e+14 1.83812e+14 1.29122e+14 9.33242e+13 5.41433e+13 5.31143 4.35423
0.429 CL23_H1 0 1.1005 0.8888 0.5611 0.3842 0.2189 2.99456e+14 2.47376e+14 1.55097e+14 9.94285e+13 4.64484e+13 3.24114 2.61765
0.429 CL23_H2 0 1.0222 0.8366 0.5466 0.3871 0.2363 2.40349e+14 2.06446e+14 1.43295e+14 1.01754e+14 5.76709e+13 4.91395 4.02173
0.429 CL240_H1 0 1.5471 1.26 0.8076 0.564 0.3349 8.33987e+14 7.04386e+14 4.65175e+14 3.15653e+14 1.64622e+14 4.00465 3.26149
0.429 CL241_H1 0 1.1614 0.9555 0.6336 0.4538 0.2856 3.5239e+14 3.07877e+14 2.23501e+14 1.65499e+14 1.02056e+14 6.20549 5.10534
0.429 CL242_H1 0 1.0889 0.8859 0.5698 0.3987 0.2363 2.89817e+14 2.45027e+14 1.6309e+14 1.11387e+14 5.8333e+13 4.12256 3.354
0.429 CL243_H1 0 1.1991 0.9816 0.6423 0.4567 0.2827 3.87596e+14 3.34402e+14 2.34794e+14 1.68982e+14 9.88602e+13 5.28417 4.3257
0.429 CL244_H1 0 1.1556 0.9439 0.6104 0.4306 0.2595 3.47182e+14 2.96128e+14 2.00892e+14 1.40229e+14 7.66289e+13 4.4959 3.67228
0.429 CL246_H1 0 1.4137 1.1614 0.7641 0.5466 0.3378 6.35447e+14 5.51646e+14 3.92666e+14 2.86782e+14 1.6983e+14 5.62215 4.61877
0.429 CL247_H1 0 1.3847 1.1353 0.7438 0.5292 0.3262 5.96348e+14 5.15266e+14 3.62517e+14 2.6132e+14 1.5234e+14 5.31061 4.35411
0.429 CL24_H1 0 1.6834 1.3847 0.9178 0.6597 0.4132 1.07448e+15 9.3842e+14 6.80609e+14 5.05427e+14 3.09919e+14 6.17936 5.0829
0.429 CL24_H2 0 1.1846 0.9613 0.6162 0.4277 0.2508 3.74185e+14 3.14275e+14 2.06237e+14 1.38179e+14 7.01796e+13 3.85843 3.13111
0.429 CL250_H1 0 1.4253 1.173 0.7786 0.5611 0.3552 6.50384e+14 5.70235e+14 4.17572e+14 3.13287e+14 1.96829e+14 6.61165 5.44129
0.429 CL251_H1 0 1.1411 0.9294 0.5988 0.4161 0.2479 3.34812e+14 2.83172e+14 1.88579e+14 1.2768e+14 6.71601e+13 4.08651 3.32837
0.429 CL252_H1 0 1.1411 0.9352 0.6133 0.4364 0.2682 3.33884e+14 2.88617e+14 2.03589e+14 1.4702e+14 8.56204e+13 5.3811 4.41014
0.429 CL253_H1 0 1.1295 0.9265 0.6075 0.4335 0.2682 3.23805e+14 2.80191e+14 1.97811e+14 1.43382e+14 8.43272e+13 5.41542 4.44213
0.429 CL254_H1 0 1.1382 0.8888 0.5118 0.3204 0.1609 3.3086e+14 2.47134e+14 1.18475e+14 5.83294e+13 1.83463e+13 1.52456 1.1905
0.429 CL256_H1 0 1.4891 1.231 0.825 0.5988 0.3813 7.43859e+14 6.5852e+14 4.9392e+14 3.78938e+14 2.45832e+14 7.56411 6.25305
0.429 CL257_H1 0 1.2977 1.0657 0.7003 0.5002 0.3088 4.92545e+14 4.27046e+14 3.02921e+14 2.20391e+14 1.29853e+14 5.52286 4.53549
0.429 CL259_H1 0 1.231 1.0019 0.6481 0.4538 0.2711 4.19603e+14 3.55989e+14 2.40073e+14 1.653e+14 8.84535e+13 4.32777 3.52233
0.429 CL25_H1 0 1.1759 0.9642 0.6278 0.4451 0.2711 3.66507e+14 3.15476e+14 2.18666e+14 1.55639e+14 8.81402e+13 4.96754 4.07322
0.429 CL25_H2 0 1.057 0.8569 0.5437 0.3755 0.2189 2.65392e+14 2.21543e+14 1.42064e+14 9.34677e+13 4.6208e+13 3.57567 2.89876
0.429 CL25_H3 0 1.0106 0.8279 0.5466 0.39 0.2421 2.31572e+14 2.00752e+14 1.43524e+14 1.04718e+14 6.24627e+13 5.694 4.66462
0.429 CL260_H1 0 0.9642 0.7931 0.5205 0.3726 0.2334 2.01595e+14 1.75455e+14 1.25131e+14 9.17596e+13 5.54976e+13 5.7919 4.76411
0.429 CL261_H1 0 1.4137 1.1643 0.7699 0.5524 0.3465 6.35829e+14 5.56062e+14 4.02993e+14 2.99007e+14 1.83834e+14 6.23281 5.13324
0.429 CL262_H1 0 1.2368 1.0222 0.6829 0.4944 0.3146 4.26283e+14 3.76793e+14 2.80962e+14 2.14334e+14 1.38146e+14 7.34368 6.06946
0.429 CL263_H1 0 1.347 1.0831 0.6771 0.4596 0.2595 5.49176e+14 4.49159e+14 2.74606e+14 1.71757e+14 7.75301e+13 2.99828 2.41086
0.429 CL264_H1 0 1.0454 0.854 0.5553 0.3929 0.2392 2.57049e+14 2.20283e+14 1.51877e+14 1.07464e+14 6.04567e+13 4.84625 3.95896
0.429 CL265_H1 0 1.0947 0.8888 0.5727 0.4016 0.2392 2.94246e+14 2.48459e+14 1.65806e+14 1.13627e+14 6.00103e+13 4.15244 3.37142
0.429 CL266_H1 0 1.5268 1.2513 0.8192 0.5814 0.3552 8.01441e+14 6.91056e+14 4.8384e+14 3.46546e+14 1.9859e+14 5.15276 4.22298
0.429 CL267_H1 0 1.2571 1.0338 0.6829 0.4886 0.303 4.47318e+14 3.89631e+14 2.80087e+14 2.05866e+14 1.23583e+14 5.8959 4.8486
0.429 CL267_H2 0 1.0512 0.8511 0.5437 0.3784 0.2218 2.60885e+14 2.18312e+14 1.42152e+14 9.51455e+13 4.80272e+13 3.76523 3.04851
0.429 CL268_H1 0 1.1788 0.9526 0.6046 0.4161 0.2392 3.68257e+14 3.05556e+14 1.94448e+14 1.26524e+14 6.06795e+13 3.41883 2.76279
0.429 CL269_H1 0 1.347 1.0831 0.6771 0.4596 0.2595 5.49436e+14 4.49074e+14 2.74135e+14 1.7124e+14 7.71581e+13 2.97237 2.39004
0.429 CL26_H1 0 1.6776 1.3847 0.9236 0.6713 0.4248 1.06016e+15 9.35765e+14 6.95912e+14 5.31986e+14 3.40325e+14 7.26422 5.99593
0.429 CL270_H1 0 1.434 1.1759 0.7757 0.5553 0.3465 6.62447e+14 5.75303e+14 4.12069e+14 3.02325e+14 1.82159e+14 5.80337 4.75884
0.429 CL271_H1 0 1.3934 1.1411 0.7467 0.5292 0.3262 6.08872e+14 5.24766e+14 3.67325e+14 2.6274e+14 1.522e+14 5.16395 4.22893
0.429 CL272_H1 0 1.289 1.0657 0.7148 0.5234 0.3349 4.80441e+14 4.27077e+14 3.23645e+14 2.52421e+14 1.67132e+14 8.25769 6.82717
0.429 CL273_H1 0 1.1933 0.9584 0.5988 0.4045 0.2276 3.82334e+14 3.11431e+14 1.88954e+14 1.16744e+14 5.19393e+13 2.88534 2.31736
0.429 CL273_H2 0 1.0309 0.8482 0.5611 0.4016 0.2508 2.46573e+14 2.15141e+14 1.55352e+14 1.14585e+14 6.96842e+13 6.0458 4.97434
0.429 CL274_H1 0 1.0889 0.8859 0.5698 0.3987 0.2392 2.90239e+14 2.45627e+14 1.63874e+14 1.12152e+14 5.98762e+13 4.18589 3.40553
0.429 CL275_H1 0 1.115 0.9091 0.5872 0.4132 0.2479 3.11267e+14 2.64706e+14 1.78685e+14 1.2395e+14 6.69549e+13 4.39001 3.57933
0.429 CL276_H1 0 1.2745 1.0309 0.6539 0.448 0.2595 4.65878e+14 3.86847e+14 2.45999e+14 1.5916e+14 7.70746e+13 3.414 2.76147
0.429 CL277_H1 0 1.1092 0.9091 0.5959 0.4248 0.2624 3.07639e+14 2.65935e+14 1.87503e+14 1.35645e+14 7.94965e+13 5.37948 4.40902
0.429 CL278_H1 0 1.1324 0.9265 0.6075 0.4306 0.2653 3.26567e+14 2.81509e+14 1.97807e+14 1.41796e+14 8.23471e+13 5.24432 4.29076
0.429 CL279_H1 0 1.434 1.173 0.7699 0.5466 0.3349 6.62027e+14 5.70755e+14 4.01682e+14 2.88636e+14 1.66726e+14 5.27117 4.31177
0.429 CL27_H1 0 1.7791 1.4601 0.9584 0.6829 0.4219 1.26662e+15 1.09676e+15 7.75615e+14 5.61822e+14 3.30175e+14 5.44287 4.46694
0.429 CL280_H1 0 1.0222 0.8308 0.5292 0.3668 0.216 2.40649e+14 2.01874e+14 1.3085e+14 8.70057e+13 4.40525e+13 3.71486 3.01928
0.429 CL280_H2 0 0.9758 0.796 0.5176 0.3639 0.2189 2.09445e+14 1.78623e+14 1.22067e+14 8.5105e+13 4.65398e+13 4.56397 3.72302
0.429 CL281_H1 0 0.9613 0.7873 0.5176 0.3697 0.2305 1.99117e+14 1.72463e+14 1.22639e+14 8.93962e+13 5.34463e+13 5.62463 4.60655
0.429 CL282_H1 0 1.0309 0.8453 0.5524 0.3929 0.2392 2.46981e+14 2.12851e+14 1.48465e+14 1.06352e+14 6.05134e+13 5.07218 4.159
0.429 CL28_H1 0 1.6109 1.3122 0.8482 0.593 0.3552 9.38541e+14 7.9669e+14 5.36764e+14 3.68841e+14 1.97912e+14 4.3176 3.51701
0.429 CL29_H1 0 1.2252 0.9961 0.6423 0.448 0.2682 4.13623e+14 3.49797e+14 2.33863e+14 1.59471e+14 8.48405e+13 4.17746 3.39632
0.429 CL29_H2 0 1.0947 0.8975 0.5872 0.419 0.2566 2.9545e+14 2.55216e+14 1.79241e+14 1.29508e+14 7.48742e+13 5.29007 4.33711
0.429 CL2_H1 0 1.1324 0.9323 0.6133 0.4393 0.2711 3.27481e+14 2.85023e+14 2.0339e+14 1.49084e+14 8.84759e+13 5.72214 4.71101
0.429 CL2_H2 0 1.0599 0.8598 0.5495 0.3813 0.2218 2.67225e+14 2.23953e+14 1.4587e+14 9.72851e+13 4.85569e+13 3.75441 3.04561
0.429 CL2_H3 0 1.0106 0.8337 0.5553 0.4016 0.2537 2.32486e+14 2.04374e+14 1.50474e+14 1.13576e+14 7.15368e+13 6.73922 5.55956
0.429 CL2_H4 0 1.0077 0.8134 0.5147 0.3523 0.2044 2.30408e+14 1.90589e+14 1.203e+14 7.73911e+13 3.73198e+13 3.32399 2.68307
0.429 CL30_H1 0 1.0396 0.8598 0.5756 0.419 0.2682 2.52493e+14 2.24016e+14 1.68653e+14 1.30249e+14 8.55369e+13 7.87767 6.51522
0.429 CL30_H2 0 0.9961 0.8018 0.5031 0.3407 0.1928 2.22552e+14 1.82279e+14 1.12032e+14 6.99681e+13 3.17398e+13 3.01398 2.42607
0.429 CL31_H1 0 1.7066 1.3963 0.912 0.6481 0.3958 1.11727e+15 9.61727e+14 6.7109e+14 4.80641e+14 2.74792e+14 5.11589 4.1857
0.429 CL31_H2 0 0.9874 0.8134 0.535 0.3842 0.2392 2.17105e+14 1.89252e+14 1.3541e+14 9.97535e+13 6.00718e+13 5.84267 4.81307
0.429 CL32_H1 0 1.4601 1.2049 0.8018 0.5814 0.3697 6.9836e+14 6.15916e+14 4.56468e+14 3.4762e+14 2.22851e+14 7.16656 5.91397
0.429 CL33_H1 0 1.0657 0.8627 0.5495 0.3784 0.2189 2.7235e+14 2.26963e+14 1.45964e+14 9.56507e+13 4.67169e+13 3.55496 2.8778
0.429 CL33_H2 0 0.9903 0.8134 0.535 0.3813 0.2363 2.18816e+14 1.89664e+14 1.34516e+14 9.75791e+13 5.76663e+13 5.48205 4.50278
0.429 CL34_H1 0 1.6167 1.318 0.854 0.6017 0.3639 9.48933e+14 8.08937e+14 5.50974e+14 3.84884e+14 2.11897e+14 4.56891 3.72476
0.429 CL35_H1 0 1.2658 1.0483 0.7032 0.5118 0.3291 4.56233e+14 4.05414e+14 3.06238e+14 2.36908e+14 1.56754e+14 7.99692 6.62282
0.429 CL36_H1 0 1.7762 1.4485 0.9381 0.6597 0.3987 1.25935e+15 1.07316e+15 7.29538e+14 5.07879e+14 2.787e+14 4.52268 3.68827
0.429 CL37_H1 0 1.3557 1.115 0.7351 0.5263 0.3262 5.61541e+14 4.88844e+14 3.50276e+14 2.57209e+14 1.53941e+14 5.82581 4.79145
0.429 CL38_H1 0 1.4717 1.1991 0.7757 0.5437 0.3262 7.17593e+14 6.0936e+14 4.11045e+14 2.83396e+14 1.52575e+14 4.32899 3.52714
0.429 CL38_H2 0 1.1034 0.9033 0.5901 0.419 0.2566 3.0132e+14 2.59404e+14 1.80917e+14 1.29388e+14 7.41494e+13 5.08791 4.16523
0.429 CL39_H1 0 1.2571 1.028 0.6713 0.4741 0.2885 4.47702e+14 3.84245e+14 2.66453e+14 1.88568e+14 1.06323e+14 4.90208 4.0087
0.429 CL39_H2 0 1.1759 0.9526 0.6046 0.4161 0.2421 3.65132e+14 3.0449e+14 1.95117e+14 1.27725e+14 6.28523e+13 3.55629 2.88096
0.429 CL39_H3 0 0.9816 0.7873 0.4886 0.3291 0.1841 2.12482e+14 1.72116e+14 1.0259e+14 6.25517e+13 2.72169e+13 2.73341 2.19235
0.429 CL3_H1 0 1.086 0.8888 0.5843 0.419 0.2595 2.8717e+14 2.48603e+14 1.76766e+14 1.29357e+14 7.678e+13 5.62659 4.6049
0.429 CL3_H2 0 1.0077 0.8279 0.5466 0.39 0.2421 2.29659e+14 1.99864e+14 1.43529e+14 1.0515e+14 6.31108e+13 5.87656 4.82802
0.429 CL40_H1 0 1.3412 1.0976 0.7119 0.5031 0.303 5.43582e+14 4.65392e+14 3.18381e+14 2.23846e+14 1.2324e+14 4.65997 3.81359
0.429 CL41_H1 0 1.7211 1.3934 0.8801 0.6046 0.3465 1.14802e+15 9.52704e+14 6.01145e+14 3.88915e+14 1.84697e+14 3.34674 2.70952
0.429 CL42_H1 0 1.2484 1.0106 0.6423 0.4451 0.2595 4.38233e+14 3.65308e+14 2.34549e+14 1.54913e+14 7.66256e+13 3.56959 2.88964
0.429 CL42_H2 0 1.0483 0.8598 0.5669 0.4045 0.2508 2.59251e+14 2.24675e+14 1.60008e+14 1.16448e+14 6.90893e+13 5.57254 4.57051
0.429 CL43_H1 0 1.3557 1.115 0.7409 0.535 0.3378 5.59056e+14 4.89821e+14 3.58772e+14 2.69548e+14 1.68799e+14 6.58062 5.41225
0.429 CL43_H2 0 1.318 1.0686 0.6829 0.4741 0.2769 5.13974e+14 4.30662e+14 2.80645e+14 1.87368e+14 9.41195e+13 3.76948 3.0562
0.429 CL44_H1 0 1.1469 0.9381 0.6075 0.4306 0.2595 3.39367e+14 2.90591e+14 1.98752e+14 1.40313e+14 7.74637e+13 4.70272 3.84656
0.429 CL44_H2 0 1.2049 0.9787 0.6249 0.4335 0.2537 3.94152e+14 3.30941e+14 2.15753e+14 1.44063e+14 7.26681e+13 3.79406 3.08179
0.429 CL45_H1 0 0.9845 0.8047 0.5234 0.3668 0.2218 2.14771e+14 1.83635e+14 1.25843e+14 8.76347e+13 4.83807e+13 4.63466 3.78823
0.429 CL46_H1 0 1.2716 1.0251 0.6423 0.4393 0.2479 4.63011e+14 3.80405e+14 2.344e+14 1.48748e+14 6.76493e+13 3.08189 2.48446
0.429 CL46_H2 0 1.0454 0.8511 0.5466 0.3813 0.2276 2.56352e+14 2.16883e+14 1.44192e+14 9.81483e+13 5.18667e+13 4.12895 3.36153
0.429 CL47_H1 0 1.7356 1.4195 0.9236 0.651 0.3958 1.17582e+15 1.00777e+15 6.94019e+14 4.88351e+14 2.73464e+14 4.78175 3.91087
0.429 CL48_H1 0 1.4427 1.1353 0.6713 0.4306 0.2218 6.75201e+14 5.17289e+14 2.66971e+14 1.4095e+14 4.82986e+13 1.81157 1.42557
0.429 CL49_H1 0 1.2281 1.0077 0.6655 0.477 0.2972 4.15672e+14 3.61736e+14 2.60354e+14 1.91938e+14 1.16113e+14 5.97523 4.90289
0.429 CL4_H1 0 1.1643 0.9468 0.6075 0.4248 0.2537 3.54042e+14 2.99124e+14 1.9847e+14 1.35318e+14 7.14822e+13 4.10502 3.33818
0.429 CL4_H2 0 1.0773 0.883 0.5785 0.4132 0.2537 2.80424e+14 2.42423e+14 1.70857e+14 1.23847e+14 7.20821e+13 5.38136 4.41079
0.429 CL4_H3 0 1.0541 0.8685 0.5756 0.4161 0.2624 2.62984e+14 2.30739e+14 1.68739e+14 1.26935e+14 7.9425e+13 6.59967 5.43764
0.429 CL50_H1 0 1.4572 1.1846 0.7641 0.535 0.3175 6.94237e+14 5.87189e+14 3.92901e+14 2.69213e+14 1.41783e+14 4.19161 3.40748
0.429 CL51_H1 0 1.1672 0.9468 0.6017 0.4161 0.2421 3.57597e+14 2.98984e+14 1.92538e+14 1.27184e+14 6.29437e+13 3.62971 2.94432
0.429 CL51_H2 0 1.0425 0.8453 0.5379 0.3726 0.216 2.55516e+14 2.13333e+14 1.37223e+14 9.06445e+13 4.45164e+13 3.57541 2.89908
0.429 CL51_H3 0 1.0251 0.825 0.5176 0.3523 0.2015 2.41879e+14 1.98447e+14 1.22478e+14 7.72707e+13 3.58283e+13 3.08967 2.48657
0.429 CL52_H1 0 1.5558 1.2716 0.825 0.5814 0.3523 8.46675e+14 7.24548e+14 4.96382e+14 3.4831e+14 1.93461e+14 4.70285 3.84377
0.429 CL53_H1 0 1.463 1.2049 0.7989 0.5756 0.361 7.03521e+14 6.16581e+14 4.50172e+14 3.37003e+14 2.08903e+14 6.49619 5.35014
0.429 CL53_H2 0 1.1382 0.9381 0.6249 0.4509 0.2856 3.31601e+14 2.91278e+14 2.14381e+14 1.61408e+14 1.01859e+14 6.72083 5.53928
0.429 CL54_H1 0 1.1324 0.9323 0.6191 0.448 0.2827 3.26472e+14 2.86329e+14 2.09781e+14 1.58026e+14 9.90323e+13 6.61758 5.44822
0.429 CL54_H2 0 1.0744 0.8801 0.5756 0.4074 0.2508 2.7923e+14 2.40528e+14 1.67984e+14 1.19792e+14 6.90965e+13 5.09716 4.17536
0.429 CL55_H1 0 1.3238 1.057 0.6452 0.4248 0.2305 5.22657e+14 4.1623e+14 2.36185e+14 1.35902e+14 5.4158e+13 2.34599 1.87317
0.429 CL56_H1 0 1.4079 1.1556 0.7641 0.5466 0.3407 6.26818e+14 5.45537e+14 3.92939e+14 2.89096e+14 1.74877e+14 5.96017 4.89209
0.429 CL56_H2 0 1.0512 0.8685 0.5785 0.419 0.2653 2.6125e+14 2.30458e+14 1.70709e+14 1.2973e+14 8.26365e+13 7.07993 5.84943
0.429 CL57_H1 0 1.3267 1.0773 0.6887 0.4799 0.2827 5.24367e+14 4.4073e+14 2.88565e+14 1.94237e+14 9.93582e+13 3.86809 3.14094
0.429 CL58_H1 0 1.2977 1.057 0.6858 0.4828 0.2914 4.90167e+14 4.17289e+14 2.84127e+14 1.98055e+14 1.08536e+14 4.5233 3.68431
0.429 CL59_H1 0 1.3093 1.0802 0.7177 0.5176 0.3262 5.04565e+14 4.43697e+14 3.2623e+14 2.45679e+14 1.54343e+14 6.77527 5.58974
0.429 CL5_H1 0 1.753 1.434 0.9352 0.6626 0.4045 1.21319e+15 1.04201e+15 7.22558e+14 5.13551e+14 2.91295e+14 4.94198 4.04267
0.429 CL5_H2 0 1.0512 0.8656 0.5698 0.4103 0.2566 2.61853e+14 2.28472e+14 1.6407e+14 1.21514e+14 7.39001e+13 5.97915 4.92347
0.429 CL60_H1 0 1.289 1.0541 0.6887 0.4886 0.2972 4.82608e+14 4.14454e+14 2.87944e+14 2.05026e+14 1.15875e+14 4.95116 4.04889
0.429 CL60_H2 0 1.0338 0.8453 0.5495 0.3871 0.2334 2.48956e+14 2.12974e+14 1.45956e+14 1.02262e+14 5.6343e+13 4.65175 3.80356
0.429 CL61_H1 0 1.0918 0.8975 0.5959 0.4306 0.2711 2.91956e+14 2.55521e+14 1.86698e+14 1.40121e+14 8.72478e+13 6.48769 5.33312
0.429 CL62_H1 0 0.9903 0.8134 0.535 0.3813 0.2363 2.18207e+14 1.8937e+14 1.34703e+14 9.79743e+13 5.8133e+13 5.60454 4.60339
0.429 CL63_H1 0 1.0831 0.8801 0.564 0.3929 0.2334 2.8529e+14 2.40285e+14 1.58286e+14 1.06881e+14 5.55786e+13 3.95464 3.21344
0.429 CL63_H2 0 1.0193 0.8221 0.5147 0.3494 0.1986 2.38473e+14 1.95782e+14 1.20206e+14 7.53748e+13 3.44788e+13 3.03313 2.44632
0.429 CL64_H1 0 1.4804 1.1991 0.7612 0.5263 0.3059 7.28485e+14 6.07487e+14 3.89456e+14 2.56427e+14 1.26164e+14 3.56223 2.88535
0.429 CL65_H1 0 1.057 0.854 0.5379 0.3668 0.2102 2.65184e+14 2.19256e+14 1.37294e+14 8.76305e+13 4.12917e+13 3.26396 2.6371
0.429 CL65_H2 0 0.9439 0.767 0.4915 0.3436 0.2015 1.89599e+14 1.597e+14 1.05209e+14 7.13378e+13 3.64847e+13 3.95773 3.216
0.429 CL66_H1 0 1.4804 1.2078 0.7815 0.5495 0.332 7.2984e+14 6.21907e+14 4.22024e+14 2.93488e+14 1.6077e+14 4.49355 3.66611
0.429 CL67_H1 0 1.4862 1.2252 0.8163 0.5901 0.3726 7.38052e+14 6.48885e+14 4.78506e+14 3.61478e+14 2.27987e+14 6.82025 5.6225
0.429 CL68_H1 0 1.1411 0.9323 0.6104 0.4335 0.2653 3.33469e+14 2.86691e+14 2.00393e+14 1.43409e+14 8.21744e+13 5.10486 4.17077
0.429 CL69_H1 0 1.3557 1.1121 0.7293 0.5205 0.3204 5.60918e+14 4.85596e+14 3.43227e+14 2.49066e+14 1.45814e+14 5.45742 4.4768
0.429 CL6_H1 0 1.753 1.4195 0.9033 0.6249 0.3639 1.20973e+15 1.00933e+15 6.49881e+14 4.28983e+14 2.12223e+14 3.60173 2.91652
0.429 CL6_H2 0 1.2745 1.0454 0.6887 0.4915 0.303 4.64933e+14 4.03107e+14 2.87147e+14 2.09173e+14 1.23413e+14 5.61249 4.6036
0.429 CL70_H1 0 1.5297 1.2484 0.8076 0.5669 0.3407 8.04685e+14 6.84936e+14 4.63248e+14 3.20663e+14 1.73674e+14 4.39867 3.58979
0.429 CL71_H1 0 1.0222 0.8221 0.5147 0.3494 0.1957 2.39953e+14 1.96111e+14 1.19853e+14 7.48581e+13 3.3316e+13 2.96261 2.38266
0.429 CL73_H1 0 1.3499 1.1063 0.7264 0.5176 0.3175 5.53941e+14 4.78744e+14 3.3793e+14 2.44322e+14 1.41946e+14 5.364 4.39603
0.429 CL73_H2 0 1.0048 0.8221 0.535 0.3813 0.2334 2.27505e+14 1.95596e+14 1.3564e+14 9.71538e+13 5.54814e+13 5.01277 4.10131
0.429 CL73_H4 0 0.9468 0.7786 0.5176 0.3726 0.2334 1.91259e+14 1.67231e+14 1.21969e+14 9.09919e+13 5.60891e+13 6.33752 5.21165
0.429 CL74_H1 0 1.5065 1.2223 0.7786 0.5408 0.3175 7.6767e+14 6.43092e+14 4.16885e+14 2.77908e+14 1.40194e+14 3.72315 3.02078
0.429 CL75_H1 0 1.0367 0.8511 0.5582 0.3958 0.2421 2.51106e+14 2.17082e+14 1.52734e+14 1.09636e+14 6.32121e+13 5.26741 4.32439
0.429 CL75_H2 0 1.0077 0.8221 0.5321 0.3726 0.2247 2.30525e+14 1.96029e+14 1.3243e+14 9.12933e+13 4.95418e+13 4.35183 3.5503
0.429 CL76_H1 0 1.115 0.9178 0.6104 0.4393 0.2769 3.10835e+14 2.72696e+14 2.00243e+14 1.50238e+14 9.41054e+13 6.67381 5.49347
0.429 CL77_H1 0 1.2658 1.0367 0.68 0.4828 0.2972 4.56839e+14 3.93954e+14 2.76679e+14 1.9854e+14 1.15092e+14 5.20742 4.26492
0.429 CL77_H2 0 1.1672 0.9526 0.6133 0.4306 0.2595 3.57469e+14 3.04068e+14 2.04348e+14 1.41185e+14 7.65064e+13 4.34954 3.54984
0.429 CL78_H1 0 1.4659 1.202 0.7902 0.564 0.3494 7.08501e+14 6.14028e+14 4.36381e+14 3.17708e+14 1.88349e+14 5.59493 4.5877
0.429 CL79_H1 0 1.0947 0.8917 0.5785 0.4045 0.245 2.94806e+14 2.50701e+14 1.70234e+14 1.17501e+14 6.43743e+13 4.44272 3.61887
0.429 CL79_H2 0 1.0773 0.8859 0.5814 0.4161 0.2566 2.81851e+14 2.44715e+14 1.73584e+14 1.26652e+14 7.46518e+13 5.56227 4.57404
0.429 CL7_H1 0 1.666 1.3702 0.9062 0.651 0.4074 1.04044e+15 9.08e+14 6.56282e+14 4.86283e+14 2.9709e+14 6.10301 5.01942
0.429 CL7_H2 0 0.9874 0.8018 0.5118 0.3552 0.2102 2.16936e+14 1.82114e+14 1.18708e+14 7.93123e+13 4.06319e+13 3.7985 3.0845
0.429 CL80_H1 0 1.1904 0.97 0.622 0.4335 0.2566 3.80311e+14 3.21568e+14 2.12813e+14 1.4429e+14 7.50686e+13 4.04548 3.29647
0.429 CL80_H2 0 0.9903 0.8163 0.5408 0.39 0.245 2.19057e+14 1.91853e+14 1.39554e+14 1.04267e+14 6.44787e+13 6.33298 5.22024
0.429 CL81_H1 0 1.4601 1.1962 0.7844 0.5582 0.3436 6.99664e+14 6.04685e+14 4.26572e+14 3.08111e+14 1.79814e+14 5.38878 4.4148
0.429 CL82_H1 0 1.5413 1.2542 0.8047 0.564 0.3349 8.23876e+14 6.96105e+14 4.61326e+14 3.15056e+14 1.64987e+14 4.07259 3.31398
0.429 CL83_H1 0 1.0048 0.825 0.5408 0.3842 0.2363 2.28853e+14 1.97976e+14 1.39423e+14 1.00401e+14 5.84025e+13 5.32186 4.36956
0.429 CL83_H2 0 0.999 0.8105 0.5176 0.3581 0.2073 2.24525e+14 1.87857e+14 1.21762e+14 8.06239e+13 3.97304e+13 3.65933 2.96885
0.429 CL84_H1 0 1.4717 1.202 0.7844 0.5553 0.3378 7.15478e+14 6.13386e+14 4.2488e+14 3.01292e+14 1.69758e+14 4.89151 3.99511
0.429 CL85_H1 0 1.4833 1.1991 0.7583 0.5205 0.3001 7.32548e+14 6.07213e+14 3.83738e+14 2.48103e+14 1.1889e+14 3.35616 2.71312
0.429 CL86_H1 0 1.1411 0.9381 0.6191 0.4451 0.2769 3.33422e+14 2.90573e+14 2.09078e+14 1.54628e+14 9.34596e+13 5.97914 4.91546
0.429 CL86_H2 0 1.0396 0.8511 0.5582 0.3958 0.2421 2.52276e+14 2.1755e+14 1.52877e+14 1.09618e+14 6.30959e+13 5.2353 4.28604
0.429 CL87_H1 0 1.2223 1.0048 0.6655 0.477 0.3001 4.09771e+14 3.57859e+14 2.59595e+14 1.92383e+14 1.18624e+14 6.22381 5.11632
0.429 CL88_H1 0 1.4195 1.1643 0.7641 0.5466 0.3378 6.42609e+14 5.56638e+14 3.94321e+14 2.87238e+14 1.69417e+14 5.52227 4.52947
0.429 CL89_H1 0 1.4108 1.1266 0.6887 0.4596 0.2508 6.30452e+14 5.04088e+14 2.89115e+14 1.70785e+14 6.95458e+13 2.45848 1.96323
0.429 CL8_H1 0 1.057 0.8714 0.5814 0.419 0.2653 2.66351e+14 2.34238e+14 1.73041e+14 1.30446e+14 8.25726e+13 6.85625 5.65235
0.429 CL8_H2 0 1.0222 0.8395 0.5524 0.3958 0.245 2.39416e+14 2.0813e+14 1.48737e+14 1.0918e+14 6.51434e+13 5.79029 4.75538
0.429 CL8_H3 0 0.9729 0.8018 0.5321 0.3842 0.2421 2.07655e+14 1.82088e+14 1.33067e+14 9.98437e+13 6.22663e+13 6.50182 5.35837
0.429 CL90_H1 0 1.1324 0.9178 0.5872 0.4074 0.2392 3.26101e+14 2.73287e+14 1.78486e+14 1.19201e+14 6.04007e+13 3.79547 3.07619
0.429 CL90_H2 0 1.0744 0.8743 0.5611 0.39 0.2305 2.79269e+14 2.35383e+14 1.55128e+14 1.04402e+14 5.38366e+13 3.92313 3.19247
0.429 CL90_H3 0 0.9729 0.796 0.5205 0.3668 0.2247 2.07146e+14 1.78032e+14 1.23905e+14 8.76911e+13 5.00099e+13 4.98363 4.07747
0.429 CL91_H1 0 1.1005 0.8975 0.5843 0.4103 0.2479 2.99773e+14 2.55823e+14 1.75367e+14 1.22339e+14 6.7456e+13 4.62681 3.77334
0.429 CL91_H2 0 1.144 0.941 0.622 0.4451 0.2798 3.35827e+14 2.93048e+14 2.11613e+14 1.56136e+14 9.57446e+13 6.08035 5.00141
0.429 CL92_H1 0 1.5471 1.26 0.8163 0.5756 0.3465 8.31097e+14 7.07594e+14 4.81303e+14 3.36149e+14 1.83696e+14 4.53644 3.6946
0.429 CL93_H1 0 1.55 1.2658 0.825 0.5814 0.3523 8.38113e+14 7.17049e+14 4.9382e+14 3.46996e+14 1.93133e+14 4.73628 3.86786
0.429 CL95_H1 0 1.0396 0.8511 0.5582 0.3987 0.245 2.52615e+14 2.18137e+14 1.53779e+14 1.11411e+14 6.48583e+13 5.3594 4.38763
0.429 CL95_H2 0 0.9932 0.8163 0.5437 0.39 0.245 2.19974e+14 1.92492e+14 1.41001e+14 1.05123e+14 6.52408e+13 6.48404 5.32916
0.429 CL96_H1 0 1.7907 1.4311 0.8772 0.5843 0.3175 1.29202e+15 1.03401e+15 5.95224e+14 3.50957e+14 1.42042e+14 2.46151 1.9672
0.429 CL97_H1 0 1.6921 1.3586 0.8453 0.5698 0.3175 1.08958e+15 8.85373e+14 5.31963e+14 3.26185e+14 1.41989e+14 2.80766 2.25429
0.429 CL98_H1 0 1.3818 1.1034 0.68 0.4538 0.2479 5.93172e+14 4.75242e+14 2.76563e+14 1.64207e+14 6.74385e+13 2.52101 2.01308
0.429 CL99_H1 0 1.4514 1.1904 0.7844 0.5611 0.3494 6.86761e+14 5.9643e+14 4.26677e+14 3.12691e+14 1.87822e+14 5.79022 4.74899
0.429 CL9_H1 0 1.231 1.0106 0.6626 0.4741 0.2943 4.18691e+14 3.63139e+14 2.57428e+14 1.878e+14 1.11572e+14 5.58142 4.58212
0.429 CL9_H2 0 1.1788 0.9642 0.622 0.4393 0.2624 3.69326e+14 3.15296e+14 2.133e+14 1.48981e+14 8.04166e+13 4.47709 3.66204
0.429 CL9_H3 0 1.1179 0.9091 0.5843 0.4074 0.2421 3.13767e+14 2.64782e+14 1.75481e+14 1.1898e+14 6.21901e+13 4.02992 3.27722
