0.333 CL100_H1 0 1.3209 1.0251 0.6249 0.4103 0.2218 4.44856e+14 3.43637e+14 1.93483e+14 1.10316e+14 4.33799e+13 2.33718 1.8138
0.333 CL101_H1 0 1.2426 0.9903 0.6394 0.4451 0.2653 3.70524e+14 3.08829e+14 2.07148e+14 1.41213e+14 7.48724e+13 4.31677 3.44029
0.333 CL102_H1 0 1.3412 1.0628 0.6771 0.4683 0.274 4.65046e+14 3.81614e+14 2.46607e+14 1.63103e+14 8.14853e+13 3.73535 2.95998
0.333 CL103_H1 0 1.4108 1.1237 0.7206 0.5031 0.3001 5.41868e+14 4.5054e+14 2.98866e+14 2.0345e+14 1.073e+14 4.2 3.34529
0.333 CL103_H2 0 1.2919 1.0396 0.6887 0.4973 0.3117 4.16198e+14 3.58623e+14 2.60589e+14 1.94761e+14 1.19993e+14 6.43514 5.1784
0.333 CL104_H1 0 1.2716 1.0106 0.6481 0.4509 0.2653 3.96699e+14 3.27978e+14 2.15747e+14 1.45202e+14 7.43148e+13 3.98826 3.16965
0.333 CL104_H2 0 1.2977 1.0251 0.651 0.448 0.2595 4.21065e+14 3.42998e+14 2.18698e+14 1.42463e+14 6.91862e+13 3.52498 2.78451
0.333 CL105_H1 0 1.1034 0.883 0.5756 0.4074 0.2479 2.59073e+14 2.18921e+14 1.5162e+14 1.07562e+14 6.06818e+13 5.02303 4.0197
0.333 CL105_H2 0 1.057 0.8424 0.5437 0.3813 0.2276 2.27462e+14 1.90014e+14 1.28013e+14 8.83646e+13 4.7302e+13 4.45507 3.55057
0.333 CL106_H1 0 1.289 1.0164 0.6365 0.4335 0.245 4.14276e+14 3.338e+14 2.05465e+14 1.29629e+14 5.89969e+13 3.14278 2.47814
0.333 CL106_H2 0 1.1817 0.9468 0.6191 0.4393 0.2682 3.17812e+14 2.69402e+14 1.88036e+14 1.3439e+14 7.6718e+13 5.1952 4.16249
0.333 CL107_H1 0 1.1672 0.9294 0.5988 0.419 0.2479 3.07229e+14 2.55552e+14 1.70549e+14 1.16607e+14 6.10228e+13 4.2384 3.37489
0.333 CL107_H2 0 1.0889 0.8801 0.5843 0.4219 0.2682 2.49778e+14 2.16822e+14 1.59399e+14 1.20219e+14 7.63003e+13 6.94474 5.61306
0.333 CL108_H1 0 1.6341 1.3209 0.883 0.6394 0.4074 8.4204e+14 7.34055e+14 5.47587e+14 4.17807e+14 2.69671e+14 7.50375 6.06555
0.333 CL109_H1 0 1.5065 1.202 0.7815 0.5495 0.332 6.59512e+14 5.53679e+14 3.7899e+14 2.64676e+14 1.45897e+14 4.72272 3.76814
0.333 CL109_H2 0 1.1121 0.9004 0.6046 0.4393 0.2827 2.64762e+14 2.32119e+14 1.75517e+14 1.35633e+14 8.98393e+13 8.19994 6.63899
0.333 CL10_H1 0 1.6486 1.3093 0.8366 0.5814 0.3407 8.65357e+14 7.14019e+14 4.66495e+14 3.12555e+14 1.58303e+14 3.91431 3.1087
0.333 CL10_H2 0 1.2571 1.0019 0.6452 0.4509 0.2682 3.83754e+14 3.19676e+14 2.13595e+14 1.46034e+14 7.7107e+13 4.28052 3.41155
0.333 CL10_H3 0 1.115 0.8946 0.5843 0.4161 0.2537 2.67855e+14 2.27577e+14 1.59127e+14 1.14426e+14 6.54983e+13 5.29498 4.24833
0.333 CL10_H4 0 1.1266 0.9062 0.6017 0.4306 0.2711 2.76068e+14 2.3761e+14 1.72675e+14 1.27777e+14 7.88293e+13 6.34468 5.10345
0.333 CL110_H1 0 1.6138 1.2745 0.8018 0.5495 0.3146 8.12489e+14 6.58251e+14 4.10839e+14 2.6338e+14 1.23738e+14 3.3011 2.60705
0.333 CL110_H2 0 1.0918 0.8772 0.5814 0.419 0.2624 2.50541e+14 2.15529e+14 1.56473e+14 1.16598e+14 7.16191e+13 6.37849 5.12476
0.333 CL111_H1 0 1.5935 1.2571 0.7931 0.5437 0.3117 7.81727e+14 6.33857e+14 3.98326e+14 2.56371e+14 1.21305e+14 3.37753 2.6645
0.333 CL113_H1 0 1.2107 0.97 0.6307 0.448 0.274 3.43061e+14 2.90195e+14 2.00593e+14 1.42852e+14 8.11677e+13 5.03242 4.03192
0.333 CL113_H2 0 1.1324 0.9033 0.5843 0.4103 0.2479 2.79647e+14 2.34266e+14 1.58896e+14 1.10318e+14 6.03978e+13 4.59 3.66138
0.333 CL114_H1 0 1.202 0.97 0.6452 0.4683 0.2943 3.35391e+14 2.90914e+14 2.14298e+14 1.625e+14 1.02046e+14 6.98326 5.63541
0.333 CL114_H2 0 1.1759 0.9468 0.6249 0.448 0.2798 3.13884e+14 2.69734e+14 1.94086e+14 1.43139e+14 8.68572e+13 6.10182 4.91301
0.333 CL115_H1 0 1.0889 0.8743 0.5785 0.4161 0.2595 2.48655e+14 2.13515e+14 1.54329e+14 1.14457e+14 6.96369e+13 6.2334 5.00492
0.333 CL116_H1 0 1.5297 1.2252 0.7989 0.5669 0.3465 6.92102e+14 5.86045e+14 4.07256e+14 2.90509e+14 1.65585e+14 5.13048 4.10922
0.333 CL117_H1 0 1.1353 0.9178 0.6133 0.4451 0.2827 2.82259e+14 2.45929e+14 1.83162e+14 1.39859e+14 8.9829e+13 7.41803 5.99689
0.333 CL117_H2 0 1.0715 0.8569 0.5553 0.3929 0.2363 2.38023e+14 2.00315e+14 1.369e+14 9.63498e+13 5.29424e+13 4.76284 3.80894
0.333 CL118_H1 0 1.1498 0.9091 0.5785 0.4016 0.2334 2.92817e+14 2.39701e+14 1.54507e+14 1.02513e+14 5.06797e+13 3.7139 2.93643
0.333 CL119_H1 0 1.0541 0.8366 0.5321 0.3697 0.216 2.26448e+14 1.86237e+14 1.20386e+14 8.01793e+13 4.0104e+13 3.77699 2.99765
0.333 CL11_H1 0 1.9792 1.5877 1.0454 0.7467 0.4625 1.49485e+15 1.27595e+15 9.07886e+14 6.61493e+14 3.92139e+14 5.711 4.58133
0.333 CL120_H1 0 1.5239 1.2223 0.8047 0.5756 0.3552 6.8171e+14 5.82359e+14 4.15129e+14 3.03424e+14 1.7961e+14 5.79643 4.64924
0.333 CL121_H1 0 1.7675 1.4079 0.9062 0.6365 0.3784 1.06486e+15 8.87613e+14 5.94125e+14 4.09303e+14 2.16806e+14 4.34732 3.46286
0.333 CL122_H1 0 1.7211 1.3296 0.796 0.5147 0.2711 9.85497e+14 7.47699e+14 4.00284e+14 2.17722e+14 7.92799e+13 2.04079 1.57657
0.333 CL123_H1 0 1.5848 1.2687 0.8279 0.5872 0.3581 7.67212e+14 6.49557e+14 4.51927e+14 3.22383e+14 1.83369e+14 5.15054 4.12323
0.333 CL124_H1 0 1.2745 1.0164 0.6597 0.4625 0.2798 4.00075e+14 3.34936e+14 2.27704e+14 1.57744e+14 8.64268e+13 4.56097 3.63733
0.333 CL124_H2 0 1.057 0.8134 0.4828 0.3117 0.1609 2.27668e+14 1.71027e+14 8.94502e+13 4.80222e+13 1.6677e+13 1.92955 1.48486
0.333 CL125_H1 0 1.4427 1.1556 0.7583 0.5379 0.332 5.80201e+14 4.92658e+14 3.46368e+14 2.48481e+14 1.44631e+14 5.35152 4.28656
0.333 CL126_H1 0 1.9502 1.5529 0.999 0.6974 0.4132 1.43171e+15 1.19012e+15 7.91928e+14 5.39236e+14 2.81984e+14 4.19937 3.34386
0.333 CL127_H1 0 1.3296 1.0512 0.6684 0.4596 0.2682 4.54257e+14 3.70804e+14 2.37418e+14 1.54918e+14 7.6306e+13 3.58349 2.83316
0.333 CL128_H1 0 1.5181 1.202 0.7641 0.5263 0.3059 6.76463e+14 5.53642e+14 3.55458e+14 2.33018e+14 1.14589e+14 3.64404 2.88528
0.333 CL129_H1 0 1.5326 1.2223 0.7902 0.5553 0.332 6.93679e+14 5.80076e+14 3.91857e+14 2.71419e+14 1.45915e+14 4.48414 3.57626
0.333 CL12_H1 0 1.4137 1.1353 0.7496 0.5379 0.3349 5.44091e+14 4.66906e+14 3.36323e+14 2.48443e+14 1.50406e+14 6.15361 4.94178
0.333 CL12_H2 0 1.0773 0.8627 0.564 0.4016 0.245 2.41484e+14 2.04824e+14 1.43236e+14 1.02932e+14 5.89102e+13 5.2769 4.22573
0.333 CL130_H1 0 1.7153 1.3528 0.8511 0.5814 0.332 9.74846e+14 7.87983e+14 4.90676e+14 3.1266e+14 1.45823e+14 3.26046 2.57141
0.333 CL131_H1 0 1.3731 1.0773 0.6684 0.4509 0.2537 4.99792e+14 3.97772e+14 2.38252e+14 1.46193e+14 6.45706e+13 2.87572 2.25622
0.333 CL132_H1 0 1.6399 1.2977 0.8221 0.5669 0.3291 8.5246e+14 6.95813e+14 4.43008e+14 2.8949e+14 1.41225e+14 3.54374 2.80426
0.333 CL133_H1 0 1.2542 1.0019 0.6481 0.4567 0.274 3.80744e+14 3.19288e+14 2.1655e+14 1.50915e+14 8.19223e+13 4.58055 3.65911
0.333 CL133_H2 0 1.1179 0.8917 0.5756 0.4045 0.2421 2.69298e+14 2.25305e+14 1.52097e+14 1.05405e+14 5.67882e+13 4.50744 3.59539
0.333 CL133_H3 0 1.1121 0.883 0.5669 0.3958 0.2334 2.66122e+14 2.19959e+14 1.45e+14 9.80872e+13 5.04659e+13 4.01741 3.1898
0.333 CL134_H1 0 1.318 1.0512 0.6771 0.4741 0.2856 4.42171e+14 3.69279e+14 2.47853e+14 1.7047e+14 9.20783e+13 4.39954 3.50895
0.333 CL135_H1 0 1.1295 0.9033 0.5901 0.419 0.2566 2.77975e+14 2.35223e+14 1.63891e+14 1.17108e+14 6.70232e+13 5.17161 4.13591
0.333 CL135_H2 0 0.9787 0.7815 0.506 0.3552 0.2131 1.80891e+14 1.51691e+14 1.03039e+14 7.15548e+13 3.8852e+13 4.60197 3.67471
0.333 CL136_H1 0 1.55 1.2281 0.7815 0.5379 0.3146 7.18606e+14 5.88861e+14 3.79026e+14 2.48601e+14 1.23558e+14 3.67348 2.91058
0.333 CL137_H1 0 1.3528 1.086 0.7119 0.5089 0.3146 4.76829e+14 4.06732e+14 2.87544e+14 2.09093e+14 1.2316e+14 5.59992 4.4955
0.333 CL138_H1 0 1.2136 0.9584 0.6046 0.4161 0.2392 3.45329e+14 2.80331e+14 1.76251e+14 1.14044e+14 5.42562e+13 3.38557 2.67364
0.333 CL138_H2 0 1.0077 0.8134 0.5408 0.39 0.2479 1.97193e+14 1.71007e+14 1.25828e+14 9.4778e+13 6.01245e+13 6.93621 5.59881
0.333 CL139_H1 0 1.1498 0.9265 0.6104 0.4393 0.274 2.93323e+14 2.52503e+14 1.81892e+14 1.34944e+14 8.209e+13 6.22513 5.01616
0.333 CL13_H1 0 1.5355 1.231 0.8047 0.5698 0.3494 6.9962e+14 5.93535e+14 4.14509e+14 2.95817e+14 1.69899e+14 5.22362 4.18774
0.333 CL13_H2 0 1.1237 0.9033 0.5959 0.4277 0.2653 2.73325e+14 2.34595e+14 1.68687e+14 1.2451e+14 7.49406e+13 6.09914 4.90287
0.333 CL140_H1 0 1.3354 1.0686 0.6945 0.4915 0.3001 4.5933e+14 3.87711e+14 2.67152e+14 1.8904e+14 1.06713e+14 4.94261 3.95513
0.333 CL140_H2 0 1.2658 1.0193 0.6742 0.4857 0.303 3.91183e+14 3.37016e+14 2.44247e+14 1.81897e+14 1.11193e+14 6.36362 5.12438
0.333 CL141_H1 0 1.6747 1.347 0.8859 0.6336 0.3929 9.0702e+14 7.76388e+14 5.5307e+14 4.04225e+14 2.40676e+14 5.7898 4.65687
0.333 CL142_H1 0 1.1411 0.9004 0.5698 0.3929 0.2276 2.86059e+14 2.32749e+14 1.47763e+14 9.63952e+13 4.67729e+13 3.51755 2.77557
0.333 CL142_H2 0 1.1063 0.8772 0.5582 0.3871 0.2247 2.61586e+14 2.1479e+14 1.38667e+14 9.20112e+13 4.54908e+13 3.73909 2.96478
0.333 CL143_H1 0 1.5413 1.231 0.7989 0.564 0.3407 7.07977e+14 5.95105e+14 4.07074e+14 2.85735e+14 1.57761e+14 4.75267 3.79584
0.333 CL144_H1 0 1.2455 0.9961 0.6481 0.4567 0.2769 3.729e+14 3.14191e+14 2.1607e+14 1.5181e+14 8.45521e+13 4.84325 3.87343
0.333 CL144_H2 0 1.0541 0.8337 0.5321 0.3668 0.2131 2.2597e+14 1.84863e+14 1.19311e+14 7.84024e+13 3.86172e+13 3.6702 2.9028
0.333 CL145_H1 0 1.3093 1.0367 0.6626 0.4596 0.2682 4.33316e+14 3.55739e+14 2.31198e+14 1.53818e+14 7.6885e+13 3.79241 3.00282
0.333 CL146_H1 0 1.2861 1.0367 0.6858 0.4944 0.3088 4.11605e+14 3.54926e+14 2.57378e+14 1.91887e+14 1.17556e+14 6.38117 5.14374
0.333 CL147_H1 0 1.4949 1.1962 0.7786 0.5524 0.3349 6.45065e+14 5.44631e+14 3.7604e+14 2.66997e+14 1.49623e+14 4.96422 3.9723
0.333 CL148_H1 0 1.0657 0.8366 0.5205 0.3494 0.1957 2.33856e+14 1.86123e+14 1.11725e+14 6.80794e+13 2.98132e+13 2.85739 2.24312
0.333 CL149_H1 0 1.6892 1.3296 0.8337 0.5669 0.3233 9.28958e+14 7.47932e+14 4.61795e+14 2.9122e+14 1.34575e+14 3.17816 2.50159
0.333 CL14_H1 0 1.4311 1.1266 0.709 0.4828 0.2769 5.65502e+14 4.55892e+14 2.8333e+14 1.79477e+14 8.39639e+13 3.22333 2.53749
0.333 CL14_H2 0 1.1208 0.9033 0.5988 0.4306 0.2682 2.72464e+14 2.34752e+14 1.7027e+14 1.26495e+14 7.7077e+13 6.30456 5.08111
0.333 CL14_H3 0 1.1005 0.8656 0.5408 0.3668 0.2073 2.57913e+14 2.06637e+14 1.25926e+14 7.85085e+13 3.53732e+13 3.02136 2.37646
0.333 CL150_H1 0 1.4746 1.1759 0.7583 0.5321 0.3175 6.19323e+14 5.17024e+14 3.47215e+14 2.39303e+14 1.27638e+14 4.38382 3.49582
0.333 CL151_H1 0 1.5442 1.2455 0.825 0.5959 0.3755 7.09869e+14 6.13748e+14 4.47749e+14 3.35954e+14 2.09413e+14 6.63496 5.35153
0.333 CL152_H1 0 1.3702 1.0773 0.6742 0.4567 0.2595 4.96082e+14 3.9764e+14 2.43209e+14 1.5164e+14 6.90198e+13 3.05218 2.39973
0.333 CL153_H1 0 1.5616 1.26 0.8395 0.6075 0.3842 7.33703e+14 6.37148e+14 4.71269e+14 3.57319e+14 2.26756e+14 7.14691 5.76659
0.333 CL154_H1 0 1.55 1.2339 0.7931 0.5553 0.332 7.17572e+14 5.97046e+14 3.97924e+14 2.72419e+14 1.44707e+14 4.26821 3.39777
0.333 CL155_H1 0 1.5094 1.202 0.7757 0.5437 0.3233 6.63759e+14 5.53195e+14 3.71279e+14 2.55293e+14 1.35299e+14 4.35136 3.46518
0.333 CL156_H1 0 1.4427 1.1614 0.767 0.5495 0.3436 5.80169e+14 4.9845e+14 3.58765e+14 2.64382e+14 1.60596e+14 6.09256 4.90462
0.333 CL157_H1 0 1.4688 1.1469 0.709 0.4741 0.2624 6.1103e+14 4.81097e+14 2.83128e+14 1.69701e+14 7.18078e+13 2.68518 2.0967
0.333 CL157_H2 0 1.405 1.1237 0.7351 0.5234 0.3204 5.34042e+14 4.52447e+14 3.16416e+14 2.27277e+14 1.3054e+14 5.2631 4.20936
0.333 CL158_H1 0 1.3615 1.0947 0.7206 0.5147 0.3204 4.86525e+14 4.1683e+14 2.97901e+14 2.17954e+14 1.30791e+14 5.90229 4.74568
0.333 CL159_H1 0 1.1237 0.8975 0.5843 0.4132 0.2508 2.73257e+14 2.29986e+14 1.58216e+14 1.1157e+14 6.22562e+13 4.84182 3.86717
0.333 CL15_H1 0 1.3673 1.0831 0.6916 0.4799 0.2827 4.92491e+14 4.05062e+14 2.63815e+14 1.76053e+14 8.94974e+13 3.86519 3.06179
0.333 CL15_H2 0 1.2368 0.9903 0.6452 0.4567 0.2798 3.6543e+14 3.09188e+14 2.14435e+14 1.52383e+14 8.69116e+13 5.08758 4.0736
0.333 CL15_H3 0 1.0483 0.8337 0.5379 0.3755 0.2247 2.22099e+14 1.84724e+14 1.23679e+14 8.44884e+13 4.49854e+13 4.29453 3.41539
0.333 CL160_H1 0 1.3818 1.1092 0.7264 0.5176 0.3175 5.10306e+14 4.34119e+14 3.04892e+14 2.19839e+14 1.27192e+14 5.36978 4.31044
0.333 CL161_H1 0 1.5065 1.2049 0.7844 0.5553 0.3378 6.58538e+14 5.55773e+14 3.83739e+14 2.71802e+14 1.52874e+14 4.96145 3.96817
0.333 CL162_H1 0 1.4079 1.1208 0.7235 0.506 0.303 5.38827e+14 4.48783e+14 3.01034e+14 2.06337e+14 1.10209e+14 4.32884 3.4461
0.333 CL163_H1 0 1.7298 1.3673 0.8685 0.5988 0.3465 9.97865e+14 8.14289e+14 5.20662e+14 3.40716e+14 1.65833e+14 3.5784 2.8285
0.333 CL164_H1 0 1.3818 1.0918 0.6916 0.4741 0.274 5.10193e+14 4.14881e+14 2.62734e+14 1.69675e+14 8.16183e+13 3.43895 2.71721
0.333 CL165_H1 0 1.4688 1.1672 0.7467 0.5176 0.3059 6.12008e+14 5.05579e+14 3.31231e+14 2.21601e+14 1.13742e+14 3.94995 3.13887
0.333 CL166_H1 0 1.1614 0.9352 0.6191 0.4451 0.2769 3.01975e+14 2.59939e+14 1.88184e+14 1.3966e+14 8.48718e+13 6.27363 5.05175
0.333 CL166_H2 0 0.9932 0.7728 0.4712 0.3117 0.1667 1.8943e+14 1.46912e+14 8.29846e+13 4.79317e+13 1.86123e+13 2.36746 1.8421
0.333 CL167_H1 0 1.3847 1.1063 0.7177 0.5089 0.3088 5.1224e+14 4.31099e+14 2.95398e+14 2.08702e+14 1.163e+14 4.81975 3.85072
0.333 CL168_H1 0 1.6022 1.2745 0.8192 0.5698 0.3378 7.94653e+14 6.58825e+14 4.36306e+14 2.94795e+14 1.53362e+14 4.09862 3.26032
0.333 CL169_H1 0 1.3238 1.0628 0.7003 0.5002 0.3117 4.47788e+14 3.83148e+14 2.73906e+14 2.00315e+14 1.20277e+14 5.88447 4.72429
0.333 CL169_H2 0 1.0657 0.854 0.5582 0.3987 0.245 2.33375e+14 1.98336e+14 1.39116e+14 1.00571e+14 5.83534e+13 5.39661 4.32458
0.333 CL16_H1 0 1.84 1.4543 0.9207 0.6307 0.3639 1.2039e+15 9.79772e+14 6.20777e+14 4.00906e+14 1.92602e+14 3.46096 2.73547
0.333 CL16_H2 0 1.0309 0.8134 0.5147 0.3523 0.2044 2.10986e+14 1.71333e+14 1.08329e+14 6.97922e+13 3.37243e+13 3.43489 2.7102
0.333 CL170_H1 0 1.7617 1.3934 0.883 0.6075 0.3523 1.05606e+15 8.61046e+14 5.4758e+14 3.56386e+14 1.73214e+14 3.51405 2.77941
0.333 CL170_H2 0 1.1324 0.912 0.6017 0.4335 0.2711 2.7988e+14 2.41076e+14 1.74232e+14 1.29653e+14 7.93731e+13 6.33096 5.09876
0.333 CL171_H1 0 1.1208 0.8859 0.5611 0.3871 0.2247 2.71105e+14 2.2099e+14 1.40551e+14 9.18296e+13 4.47493e+13 3.53041 2.7905
0.333 CL172_H1 0 1.5239 1.2136 0.7815 0.5466 0.3262 6.82898e+14 5.68361e+14 3.79496e+14 2.59552e+14 1.37554e+14 4.26581 3.39719
0.333 CL173_H1 0 1.289 1.0367 0.6858 0.4915 0.3059 4.13873e+14 3.55347e+14 2.56123e+14 1.88836e+14 1.14125e+14 6.096 4.90281
0.333 CL174_H1 0 1.5993 1.2832 0.8424 0.6017 0.3726 7.89313e+14 6.73156e+14 4.7671e+14 3.46551e+14 2.04677e+14 5.61992 4.50915
0.333 CL175_H1 0 1.3267 1.028 0.6191 0.4045 0.216 4.50897e+14 3.452e+14 1.88518e+14 1.05228e+14 3.98015e+13 2.16481 1.67741
0.333 CL175_H2 0 1.1846 0.9497 0.622 0.4422 0.2711 3.21561e+14 2.72887e+14 1.91032e+14 1.37012e+14 7.88274e+13 5.24793 4.20729
0.333 CL176_H1 0 1.5645 1.2716 0.8598 0.6336 0.4132 7.40272e+14 6.56018e+14 5.07835e+14 4.04022e+14 2.79215e+14 9.7487 7.92358
0.333 CL177_H1 0 1.5964 1.26 0.796 0.5466 0.3146 7.85368e+14 6.37905e+14 4.0257e+14 2.60304e+14 1.24365e+14 3.43149 2.70839
0.333 CL178_H1 0 1.3209 1.0512 0.68 0.477 0.2856 4.43824e+14 3.70258e+14 2.49869e+14 1.72496e+14 9.2693e+13 4.44614 3.53833
0.333 CL178_H2 0 0.9961 0.7786 0.4828 0.3233 0.1812 1.90507e+14 1.506e+14 8.9516e+13 5.40687e+13 2.35148e+13 2.777 2.17064
0.333 CL179_H1 0 1.6341 1.3064 0.8511 0.6046 0.3668 8.41068e+14 7.10289e+14 4.91783e+14 3.5028e+14 1.97059e+14 5.03669 4.02664
0.333 CL17_H1 0 1.2919 1.0193 0.6452 0.4422 0.2537 4.16739e+14 3.38095e+14 2.13431e+14 1.37503e+14 6.52469e+13 3.39572 2.6792
0.333 CL17_H2 0 1.1556 0.9323 0.6191 0.448 0.2827 2.97554e+14 2.57769e+14 1.89182e+14 1.42729e+14 8.96624e+13 6.84983 5.52621
0.333 CL180_H1 0 1.2426 0.9816 0.6191 0.4248 0.2421 3.71109e+14 3.01056e+14 1.88863e+14 1.21543e+14 5.69291e+13 3.34548 2.64279
0.333 CL181_H1 0 1.3528 1.086 0.7148 0.5089 0.3146 4.78419e+14 4.08373e+14 2.90186e+14 2.10539e+14 1.24268e+14 5.6634 4.54646
0.333 CL182_H1 0 1.4021 1.115 0.7148 0.4973 0.2943 5.3172e+14 4.40455e+14 2.90522e+14 1.96042e+14 1.0152e+14 4.06448 3.23222
0.333 CL183_H1 0 1.2484 1.0019 0.6597 0.4712 0.2914 3.75805e+14 3.20986e+14 2.28573e+14 1.66653e+14 9.87144e+13 5.74159 4.6079
0.333 CL184_H1 0 1.5123 1.1962 0.7612 0.5263 0.3059 6.66641e+14 5.45254e+14 3.50594e+14 2.30995e+14 1.13763e+14 3.65645 2.89218
0.333 CL184_H2 0 1.3238 1.0628 0.6974 0.4973 0.3088 4.46976e+14 3.81711e+14 2.70748e+14 1.96834e+14 1.16904e+14 5.70065 4.57671
0.333 CL185_H1 0 1.1643 0.9352 0.6133 0.4364 0.2682 3.04555e+14 2.59736e+14 1.83464e+14 1.32648e+14 7.73942e+13 5.54566 4.45444
0.333 CL185_H2 0 1.0976 0.8627 0.5379 0.3639 0.2044 2.5497e+14 2.03799e+14 1.23464e+14 7.64614e+13 3.39584e+13 2.96266 2.32861
0.333 CL186_H1 0 1.4717 1.1904 0.7931 0.5756 0.3668 6.16095e+14 5.36706e+14 3.98348e+14 3.0378e+14 1.954e+14 7.34385 5.94015
0.333 CL187_H1 0 1.5355 1.2281 0.7989 0.5669 0.3436 6.98309e+14 5.89406e+14 4.0677e+14 2.88871e+14 1.61835e+14 4.96975 3.97483
0.333 CL188_H1 0 1.0251 0.8221 0.5379 0.3813 0.2334 2.08431e+14 1.76836e+14 1.23552e+14 8.82531e+13 5.0569e+13 5.20665 4.17558
0.333 CL18_H1 0 1.3644 1.0918 0.709 0.5002 0.303 4.90768e+14 4.13473e+14 2.83537e+14 1.99231e+14 1.10668e+14 4.80619 3.84594
0.333 CL18_H2 0 1.289 1.0135 0.6336 0.4306 0.245 4.12555e+14 3.30992e+14 2.02575e+14 1.27014e+14 5.80789e+13 3.0843 2.42509
0.333 CL18_H3 0 1.0918 0.8801 0.5785 0.4161 0.2595 2.51912e+14 2.16414e+14 1.54806e+14 1.14243e+14 6.89731e+13 5.98489 4.82442
0.333 CL190_H1 0 1.2049 0.97 0.6394 0.4567 0.2827 3.37644e+14 2.89664e+14 2.07487e+14 1.51974e+14 9.0756e+13 5.94305 4.78443
0.333 CL190_H2 0 1.0483 0.8395 0.5466 0.3871 0.2363 2.2274e+14 1.88277e+14 1.30197e+14 9.2372e+13 5.22835e+13 5.00411 4.00739
0.333 CL191_H1 0 1.5007 1.1846 0.7438 0.5089 0.2914 6.52767e+14 5.2832e+14 3.28628e+14 2.09955e+14 9.84397e+13 3.27885 2.58821
0.333 CL192_H1 0 1.4166 1.1324 0.738 0.5205 0.3175 5.49625e+14 4.63376e+14 3.19821e+14 2.25378e+14 1.269e+14 4.91585 3.92962
0.333 CL193_H1 0 1.2832 1.0193 0.651 0.4538 0.2653 4.07125e+14 3.36227e+14 2.19917e+14 1.48068e+14 7.49441e+13 3.95299 3.14003
0.333 CL194_H1 0 1.4195 1.1382 0.7467 0.5321 0.3262 5.51761e+14 4.69422e+14 3.30819e+14 2.38994e+14 1.38572e+14 5.44909 4.36926
0.333 CL195_H1 0 1.1353 0.8859 0.5466 0.3639 0.2015 2.82682e+14 2.22069e+14 1.29948e+14 7.71838e+13 3.25186e+13 2.63806 2.05854
0.333 CL196_H1 0 1.2832 1.0309 0.6771 0.4828 0.2972 4.08089e+14 3.48169e+14 2.46403e+14 1.78652e+14 1.04589e+14 5.56746 4.4728
0.333 CL196_H2 0 1.0019 0.8047 0.5292 0.3755 0.2334 1.94396e+14 1.65778e+14 1.17388e+14 8.46595e+13 5.0068e+13 5.54519 4.45376
0.333 CL198_H1 0 1.2078 0.9729 0.6423 0.4625 0.2885 3.40185e+14 2.92987e+14 2.11759e+14 1.57437e+14 9.60373e+13 6.30442 5.0783
0.333 CL199_H1 0 1.2803 1.0309 0.6858 0.4944 0.3088 4.05258e+14 3.49762e+14 2.55704e+14 1.91351e+14 1.17915e+14 6.5679 5.28848
0.333 CL199_H2 0 0.9584 0.7728 0.5147 0.3726 0.2363 1.69645e+14 1.47082e+14 1.08474e+14 8.20776e+13 5.20527e+13 6.99634 5.64145
0.333 CL19_H1 0 1.7762 1.4137 0.912 0.6365 0.3813 1.08117e+15 9.00085e+14 6.03009e+14 4.12086e+14 2.19927e+14 4.31217 3.43211
0.333 CL1_H1 0 1.7965 1.4253 0.9091 0.6307 0.3697 1.12043e+15 9.22414e+14 5.9971e+14 3.99843e+14 2.01671e+14 3.84462 3.05023
0.333 CL1_H2 0 1.1846 0.9468 0.6162 0.4364 0.2624 3.21364e+14 2.70663e+14 1.86215e+14 1.31561e+14 7.25961e+13 4.85152 3.87761
0.333 CL1_H3 0 1.1469 0.9236 0.6104 0.4393 0.274 2.91376e+14 2.50801e+14 1.81268e+14 1.34608e+14 8.20062e+13 6.26129 5.04223
0.333 CL200_H2 0 1.1846 0.9526 0.6307 0.4509 0.2827 3.21473e+14 2.76071e+14 1.99257e+14 1.4666e+14 8.9442e+13 6.12804 4.92789
0.333 CL201_H1 0 1.318 1.0599 0.6974 0.5002 0.3117 4.42088e+14 3.7881e+14 2.70643e+14 1.98823e+14 1.19545e+14 5.90351 4.74744
0.333 CL202_H1 0 1.3673 1.086 0.6974 0.4857 0.2885 4.93905e+14 4.08849e+14 2.70299e+14 1.82751e+14 9.52341e+13 4.08449 3.24417
0.333 CL203_H1 0 1.4949 1.1904 0.7699 0.5379 0.3233 6.44238e+14 5.3751e+14 3.62396e+14 2.48889e+14 1.34172e+14 4.42095 3.52044
0.333 CL205_H1 0 1.4166 1.1353 0.7438 0.5292 0.3262 5.48222e+14 4.66229e+14 3.28147e+14 2.36628e+14 1.3802e+14 5.44875 4.36677
0.333 CL205_H2 0 1.2136 0.9671 0.6278 0.4422 0.2682 3.44108e+14 2.88595e+14 1.97209e+14 1.37933e+14 7.63894e+13 4.72194 3.76284
0.333 CL206_H1 0 1.289 1.0106 0.6278 0.4248 0.2363 4.12785e+14 3.28532e+14 1.97337e+14 1.21735e+14 5.29723e+13 2.89984 2.27352
0.333 CL207_H1 0 1.4862 1.1962 0.7931 0.5698 0.3581 6.34252e+14 5.4629e+14 3.9677e+14 2.94833e+14 1.81768e+14 6.37403 5.13027
0.333 CL208_H1 0 1.6225 1.2948 0.8337 0.5843 0.3494 8.2523e+14 6.89502e+14 4.62629e+14 3.1852e+14 1.70415e+14 4.39807 3.50978
0.333 CL209_H1 0 1.5065 1.1904 0.7554 0.5176 0.3001 6.58652e+14 5.36793e+14 3.42147e+14 2.21774e+14 1.078e+14 3.53409 2.79255
0.333 CL20_H1 0 1.3238 1.0599 0.6945 0.4915 0.303 4.4824e+14 3.80034e+14 2.66153e+14 1.90001e+14 1.09974e+14 5.25474 4.2072
0.333 CL20_H2 0 1.1614 0.9207 0.593 0.4132 0.245 3.01611e+14 2.49276e+14 1.65267e+14 1.11831e+14 5.81639e+13 4.08764 3.24048
0.333 CL210_H1 0 1.3412 1.0628 0.6771 0.4683 0.274 4.66545e+14 3.8258e+14 2.46871e+14 1.63071e+14 8.13208e+13 3.70196 2.93352
0.333 CL211_H1 0 1.4978 1.1759 0.7322 0.4944 0.2769 6.48115e+14 5.16721e+14 3.11551e+14 1.91902e+14 8.4484e+13 2.91316 2.28708
0.333 CL212_H1 0 1.3122 1.0396 0.6626 0.4596 0.2682 4.3517e+14 3.57676e+14 2.3212e+14 1.54568e+14 7.73596e+13 3.82486 3.03028
0.333 CL213_H1 0 1.1933 0.9526 0.622 0.4393 0.2682 3.27301e+14 2.75885e+14 1.91074e+14 1.35087e+14 7.63621e+13 4.98107 3.97634
0.333 CL214_H1 0 1.3818 1.115 0.7409 0.535 0.3378 5.09395e+14 4.41183e+14 3.23716e+14 2.43597e+14 1.52924e+14 6.80529 5.49131
0.333 CL214_H2 0 1.0164 0.8163 0.5408 0.39 0.2421 2.02207e+14 1.73832e+14 1.26043e+14 9.39035e+13 5.70386e+13 6.33614 5.08874
0.333 CL215_H1 0 1.2397 0.9961 0.6568 0.4683 0.2914 3.68529e+14 3.15164e+14 2.24912e+14 1.6386e+14 9.7888e+13 5.77542 4.64056
0.333 CL216_H1 0 1.2484 0.9787 0.6046 0.4045 0.2247 3.76194e+14 2.97815e+14 1.75766e+14 1.0574e+14 4.51819e+13 2.72877 2.13926
0.333 CL216_H2 0 1.2426 0.9671 0.5872 0.39 0.2102 3.69983e+14 2.87263e+14 1.6171e+14 9.40098e+13 3.7034e+13 2.38961 1.8598
0.333 CL217_H1 0 1.1498 0.9207 0.6017 0.4248 0.2595 2.9384e+14 2.48626e+14 1.7292e+14 1.22591e+14 6.96723e+13 5.08662 4.0731
0.333 CL218_H1 0 1.3963 1.1092 0.7119 0.4973 0.2943 5.24488e+14 4.34486e+14 2.87465e+14 1.95243e+14 1.0146e+14 4.11858 3.27174
0.333 CL219_H1 0 1.5732 1.2542 0.8105 0.5698 0.3407 7.52503e+14 6.28683e+14 4.23946e+14 2.93411e+14 1.57473e+14 4.44512 3.54378
0.333 CL21_H1 0 1.5268 1.2107 0.7757 0.5379 0.3175 6.85549e+14 5.65188e+14 3.70605e+14 2.47952e+14 1.26987e+14 3.94132 3.12533
0.333 CL21_H2 0 1.2571 0.9758 0.593 0.39 0.2102 3.83252e+14 2.95955e+14 1.65807e+14 9.46267e+13 3.69793e+13 2.32347 1.80355
0.333 CL220_H1 0 1.405 1.1295 0.7409 0.5292 0.3262 5.36106e+14 4.57996e+14 3.24366e+14 2.35947e+14 1.38722e+14 5.64243 4.53604
0.333 CL221_H1 0 1.1846 0.9497 0.622 0.4393 0.2711 3.20725e+14 2.72218e+14 1.90628e+14 1.35832e+14 7.87188e+13 5.26049 4.21737
0.333 CL221_H2 0 1.0744 0.8598 0.564 0.3987 0.245 2.38727e+14 2.02498e+14 1.42208e+14 1.01578e+14 5.87022e+13 5.3249 4.26131
0.333 CL222_H1 0 1.4891 1.1933 0.7844 0.5611 0.3465 6.36008e+14 5.42314e+14 3.85051e+14 2.80741e+14 1.65677e+14 5.68828 4.55834
0.333 CL223_H1 0 1.5703 1.2571 0.825 0.5872 0.361 7.46008e+14 6.33591e+14 4.46092e+14 3.21528e+14 1.86712e+14 5.407 4.32856
0.333 CL225_H1 0 1.5645 1.2629 0.8366 0.6017 0.3784 7.39989e+14 6.39708e+14 4.66056e+14 3.47839e+14 2.15756e+14 6.55326 5.28994
0.333 CL226_H1 0 1.4369 1.1527 0.7583 0.5437 0.3349 5.72227e+14 4.88846e+14 3.48178e+14 2.5503e+14 1.50647e+14 5.78819 4.64336
0.333 CL227_H1 0 1.347 1.0918 0.7293 0.5321 0.3407 4.71942e+14 4.13185e+14 3.09801e+14 2.39163e+14 1.56582e+14 7.86762 6.37704
0.333 CL228_H1 0 1.2716 1.0222 0.6742 0.4828 0.3001 3.96382e+14 3.3992e+14 2.4392e+14 1.79333e+14 1.07866e+14 6.01084 4.83193
0.333 CL228_H2 0 1.0193 0.8221 0.5466 0.3958 0.2508 2.04962e+14 1.77568e+14 1.30522e+14 9.85931e+13 6.22841e+13 6.88181 5.55042
0.333 CL229_H1 0 1.3702 1.0802 0.6829 0.4683 0.2711 4.95776e+14 4.02332e+14 2.54153e+14 1.64109e+14 7.90711e+13 3.43971 2.71171
0.333 CL22_H1 0 1.4311 1.1411 0.738 0.5205 0.3117 5.65084e+14 4.73032e+14 3.20496e+14 2.23398e+14 1.20861e+14 4.56335 3.63863
0.333 CL22_H2 0 1.1121 0.8888 0.5785 0.4103 0.2479 2.65901e+14 2.24173e+14 1.54585e+14 1.09601e+14 6.105e+13 4.92751 3.93811
0.333 CL230_H1 0 1.2687 1.0193 0.6684 0.4741 0.2914 3.94756e+14 3.36397e+14 2.37104e+14 1.70557e+14 9.9182e+13 5.46004 4.38671
0.333 CL231_H1 0 1.1672 0.9294 0.6017 0.4219 0.2508 3.07712e+14 2.56428e+14 1.72635e+14 1.18798e+14 6.29746e+13 4.34984 3.46362
0.333 CL231_H2 0 1.0396 0.8279 0.5321 0.3726 0.2218 2.16866e+14 1.80628e+14 1.20573e+14 8.26711e+13 4.37531e+13 4.31185 3.4338
0.333 CL232_H1 0 1.0889 0.8801 0.5843 0.4219 0.2653 2.4991e+14 2.165e+14 1.58462e+14 1.19038e+14 7.41978e+13 6.69664 5.41254
0.333 CL233_H1 0 1.4949 1.173 0.7264 0.4915 0.274 6.45291e+14 5.13156e+14 3.06096e+14 1.88212e+14 8.18064e+13 2.84497 2.23236
0.333 CL234_H1 0 1.4311 1.1469 0.7496 0.5321 0.3262 5.66196e+14 4.80295e+14 3.35485e+14 2.40105e+14 1.3798e+14 5.23787 4.19769
0.333 CL235_H1 0 1.1614 0.9352 0.6162 0.4393 0.274 3.03163e+14 2.59973e+14 1.85916e+14 1.35759e+14 8.16169e+13 5.88432 4.73826
0.333 CL236_H1 0 1.0222 0.8134 0.5263 0.3697 0.2218 2.05566e+14 1.71669e+14 1.1615e+14 8.0478e+13 4.35076e+13 4.51695 3.5943
0.333 CL236_H2 0 0.9613 0.7757 0.5118 0.3697 0.2305 1.71606e+14 1.48028e+14 1.07026e+14 7.98693e+13 4.87749e+13 6.33677 5.11331
0.333 CL237_H1 0 1.1324 0.912 0.6046 0.4364 0.274 2.80731e+14 2.42101e+14 1.76141e+14 1.31684e+14 8.1367e+13 6.46395 5.20587
0.333 CL238_H1 0 1.6225 1.289 0.8279 0.5756 0.3407 8.24199e+14 6.82017e+14 4.50452e+14 3.0365e+14 1.57204e+14 4.05338 3.22022
0.333 CL239_H1 0 1.2455 0.999 0.6539 0.4654 0.2856 3.72726e+14 3.16902e+14 2.22465e+14 1.60205e+14 9.27079e+13 5.37395 4.31038
0.333 CL239_H2 0 1.0773 0.8598 0.5582 0.3929 0.2363 2.40811e+14 2.02127e+14 1.38041e+14 9.64184e+13 5.2771e+13 4.69279 3.74534
0.333 CL23_H1 0 1.2571 0.9845 0.6075 0.4074 0.2247 3.8401e+14 3.03176e+14 1.78031e+14 1.07093e+14 4.50803e+13 2.6771 2.09658
0.333 CL23_H2 0 1.1005 0.8743 0.564 0.3929 0.2334 2.56504e+14 2.1303e+14 1.42413e+14 9.69378e+13 5.10017e+13 4.26088 3.38509
0.333 CL240_H1 0 1.6486 1.3093 0.8366 0.5814 0.3436 8.64949e+14 7.13977e+14 4.66879e+14 3.13053e+14 1.60588e+14 3.93604 3.12596
0.333 CL241_H1 0 1.4079 1.1295 0.7409 0.5292 0.3262 5.38607e+14 4.59029e+14 3.24412e+14 2.35537e+14 1.38081e+14 5.56603 4.4654
0.333 CL242_H1 0 1.1469 0.9091 0.5814 0.4016 0.2363 2.91661e+14 2.39755e+14 1.56055e+14 1.03403e+14 5.23017e+13 3.80912 3.01933
0.333 CL243_H1 0 1.3035 1.0483 0.6945 0.5002 0.3117 4.27639e+14 3.6793e+14 2.66734e+14 1.98445e+14 1.21007e+14 6.31874 5.08166
0.333 CL244_H1 0 1.2658 1.0164 0.6684 0.477 0.2943 3.90603e+14 3.3373e+14 2.37359e+14 1.72868e+14 1.0206e+14 5.7343 4.60447
0.333 CL245_H1 0 1.1904 0.9323 0.5756 0.3871 0.216 3.25009e+14 2.57471e+14 1.5236e+14 9.2547e+13 4.00065e+13 2.78197 2.17879
0.333 CL246_H1 0 1.6254 1.2948 0.8337 0.5843 0.3494 8.27543e+14 6.89722e+14 4.61664e+14 3.17185e+14 1.69171e+14 4.33679 3.45471
0.333 CL247_H1 0 1.6341 1.2948 0.8279 0.5756 0.3378 8.40738e+14 6.92189e+14 4.52212e+14 3.02969e+14 1.53648e+14 3.90496 3.09414
0.333 CL248_H1 0 1.0048 0.8018 0.5147 0.361 0.216 1.95959e+14 1.63526e+14 1.09108e+14 7.49846e+13 3.99981e+13 4.32462 3.45092
0.333 CL249_H1 0 1.0251 0.8105 0.5147 0.3552 0.2044 2.08334e+14 1.69955e+14 1.08521e+14 7.10241e+13 3.4254e+13 3.55322 2.80937
0.333 CL24_H1 0 1.8168 1.4659 0.9758 0.7061 0.4451 1.15877e+15 1.00427e+15 7.39092e+14 5.58137e+14 3.50748e+14 6.89383 5.56234
0.333 CL24_H2 0 1.2194 0.9758 0.6336 0.448 0.2711 3.50534e+14 2.95709e+14 2.03319e+14 1.43554e+14 7.99634e+13 4.89859 3.91999
0.333 CL250_H1 0 1.5703 1.2571 0.8192 0.5814 0.3552 7.46523e+14 6.31885e+14 4.38837e+14 3.1305e+14 1.78302e+14 5.13078 4.10743
0.333 CL251_H1 0 1.3383 1.057 0.6684 0.4596 0.2653 4.61537e+14 3.757e+14 2.38162e+14 1.54731e+14 7.45844e+13 3.50001 2.76434
0.333 CL252_H1 0 1.2397 0.9932 0.6452 0.4567 0.2798 3.67736e+14 3.11002e+14 2.14708e+14 1.52269e+14 8.65849e+13 5.01842 4.02056
0.333 CL253_H1 0 1.2426 0.999 0.6597 0.4741 0.2943 3.69693e+14 3.17438e+14 2.28617e+14 1.69083e+14 1.01999e+14 6.1323 4.93012
0.333 CL254_H1 0 1.1846 0.9004 0.5176 0.3233 0.1609 3.21159e+14 2.3177e+14 1.09975e+14 5.36239e+13 1.64817e+13 1.50796 1.14619
0.333 CL255_H1 0 1.1353 0.9004 0.5756 0.3987 0.2334 2.82165e+14 2.32334e+14 1.5155e+14 1.0097e+14 5.09019e+13 3.8687 3.06824
0.333 CL256_H1 0 1.5761 1.2629 0.825 0.5843 0.3581 7.55029e+14 6.40117e+14 4.46481e+14 3.18496e+14 1.82632e+14 5.20234 4.16854
0.333 CL257_H1 0 1.4514 1.1585 0.7496 0.5292 0.3175 5.90659e+14 4.95259e+14 3.36331e+14 2.35084e+14 1.27841e+14 4.61609 3.68454
0.333 CL258_H1 0 1.0309 0.825 0.5379 0.3813 0.2305 2.11731e+14 1.78891e+14 1.23878e+14 8.80002e+13 4.92343e+13 5.01111 4.01025
0.333 CL259_H1 0 1.289 1.0367 0.6829 0.4886 0.303 4.13236e+14 3.54306e+14 2.53677e+14 1.86127e+14 1.11432e+14 5.95557 4.78987
0.333 CL259_H2 0 1.0483 0.8279 0.5234 0.3581 0.2073 2.22236e+14 1.8046e+14 1.13787e+14 7.3148e+13 3.51477e+13 3.39608 2.68207
0.333 CL25_H1 0 1.2774 1.0193 0.6597 0.4625 0.2769 4.03315e+14 3.37242e+14 2.27839e+14 1.57285e+14 8.45783e+13 4.45227 3.55268
0.333 CL25_H2 0 1.1092 0.8801 0.5611 0.3871 0.2247 2.6377e+14 2.16638e+14 1.40048e+14 9.23287e+13 4.55799e+13 3.72192 2.95318
0.333 CL25_H3 0 1.0599 0.8511 0.5582 0.3987 0.245 2.30053e+14 1.96045e+14 1.38313e+14 1.00276e+14 5.84389e+13 5.49578 4.41311
0.333 CL260_H1 0 1.1063 0.883 0.5698 0.3987 0.2363 2.61952e+14 2.18623e+14 1.46612e+14 1.00551e+14 5.29874e+13 4.32034 3.4483
0.333 CL260_H2 0 1.0425 0.8366 0.5524 0.3958 0.245 2.18202e+14 1.86674e+14 1.3373e+14 9.81531e+13 5.85545e+13 5.89986 4.73461
0.333 CL261_H1 0 1.5906 1.2832 0.854 0.6162 0.39 7.76143e+14 6.72921e+14 4.95664e+14 3.73667e+14 2.36081e+14 6.95496 5.61084
0.333 CL262_H1 0 1.3992 1.1295 0.7496 0.5408 0.3407 5.29935e+14 4.5862e+14 3.35414e+14 2.51647e+14 1.57039e+14 6.6786 5.39128
0.333 CL263_H1 0 1.5007 1.1962 0.7699 0.5408 0.3233 6.51362e+14 5.43558e+14 3.64287e+14 2.51264e+14 1.34302e+14 4.38159 3.49254
0.333 CL264_H1 0 1.1933 0.9526 0.6162 0.4335 0.2624 3.2731e+14 2.74581e+14 1.8658e+14 1.30009e+14 7.15425e+13 4.64287 3.70636
0.333 CL265_H1 0 1.2571 1.0048 0.6597 0.4683 0.2856 3.82417e+14 3.24016e+14 2.27595e+14 1.63202e+14 9.34601e+13 5.30832 4.24294
0.333 CL266_H1 0 1.6805 1.3296 0.8482 0.5843 0.3407 9.14614e+14 7.4921e+14 4.84328e+14 3.18577e+14 1.58106e+14 3.71733 2.94112
0.333 CL267_H1 0 1.318 1.057 0.6945 0.4973 0.3059 4.41758e+14 3.76963e+14 2.67673e+14 1.95433e+14 1.14886e+14 5.70427 4.57467
0.333 CL267_H2 0 1.0947 0.8714 0.5611 0.3929 0.2334 2.53327e+14 2.10842e+14 1.40879e+14 9.65433e+13 5.0916e+13 4.28951 3.41452
0.333 CL268_H1 0 1.3702 1.057 0.6307 0.4074 0.2131 4.96044e+14 3.7534e+14 1.9957e+14 1.08118e+14 3.87892e+13 2.01853 1.55713
0.333 CL269_H1 0 1.4572 1.1585 0.7409 0.5176 0.3059 5.98146e+14 4.94811e+14 3.24784e+14 2.19678e+14 1.13239e+14 4.00335 3.18274
0.333 CL26_H1 0 1.7762 1.434 0.9555 0.6887 0.4364 1.08137e+15 9.3824e+14 6.92144e+14 5.21604e+14 3.30232e+14 6.98192 5.63679
0.333 CL270_H1 0 1.492 1.1991 0.7902 0.5669 0.3523 6.41053e+14 5.49304e+14 3.93337e+14 2.89317e+14 1.73675e+14 5.94873 4.78091
0.333 CL271_H1 0 1.4369 1.1527 0.7525 0.535 0.3262 5.73672e+14 4.86776e+14 3.39331e+14 2.4302e+14 1.38563e+14 5.1981 4.16998
0.333 CL272_H1 0 1.3876 1.1034 0.7061 0.4915 0.2914 5.15356e+14 4.2702e+14 2.8135e+14 1.90038e+14 9.8719e+13 4.08323 3.24693
0.333 CL273_H1 0 1.2948 1.0106 0.6191 0.4132 0.2247 4.18964e+14 3.28001e+14 1.88852e+14 1.11729e+14 4.53332e+13 2.53257 1.97669
0.333 CL273_H2 0 1.0831 0.8656 0.5611 0.3958 0.2392 2.4515e+14 2.0633e+14 1.41226e+14 9.91811e+13 5.48971e+13 4.80683 3.84156
0.333 CL274_H1 0 1.3586 1.0744 0.6829 0.4683 0.2711 4.83583e+14 3.94715e+14 2.52482e+14 1.64113e+14 7.98161e+13 3.56992 2.82314
0.333 CL275_H1 0 1.2223 0.9729 0.6307 0.4422 0.2653 3.51779e+14 2.93845e+14 1.99199e+14 1.37777e+14 7.44943e+13 4.5182 3.5963
0.333 CL276_H1 0 1.4543 1.1498 0.7293 0.5031 0.2914 5.92871e+14 4.83881e+14 3.08906e+14 2.02228e+14 9.85367e+13 3.5764 2.82758
0.333 CL277_H1 0 1.2542 0.999 0.6452 0.4538 0.2711 3.8107e+14 3.17936e+14 2.1396e+14 1.47956e+14 7.91612e+13 4.40613 3.50959
0.333 CL277_H2 0 1.0193 0.8192 0.5408 0.3871 0.2421 2.0481e+14 1.75515e+14 1.25898e+14 9.2434e+13 5.59109e+13 5.95828 4.7886
0.333 CL278_H1 0 1.26 1.0106 0.6626 0.4741 0.2914 3.86998e+14 3.29532e+14 2.32443e+14 1.68826e+14 9.84517e+13 5.50526 4.41557
0.333 CL279_H1 0 1.5848 1.2571 0.8047 0.5582 0.3291 7.68239e+14 6.33495e+14 4.1497e+14 2.77687e+14 1.41956e+14 3.93769 3.12347
0.333 CL27_H1 0 2.0372 1.5964 0.9903 0.6684 0.3726 1.63286e+15 1.29682e+15 7.74964e+14 4.74999e+14 2.06366e+14 2.8458 2.23004
0.333 CL280_H1 0 1.0686 0.854 0.5553 0.3929 0.2363 2.35987e+14 1.98639e+14 1.36394e+14 9.61604e+13 5.29789e+13 4.81488 3.84794
0.333 CL280_H2 0 1.0367 0.825 0.535 0.3755 0.2247 2.14886e+14 1.79257e+14 1.21256e+14 8.37838e+13 4.50113e+13 4.44403 3.53654
0.333 CL281_H1 0 1.1672 0.9381 0.6191 0.4422 0.274 3.06736e+14 2.62719e+14 1.8817e+14 1.37706e+14 8.22226e+13 5.9024 4.74387
0.333 CL282_H1 0 1.1846 0.9497 0.622 0.4422 0.2711 3.21226e+14 2.73044e+14 1.91809e+14 1.37999e+14 7.97724e+13 5.38256 4.31523
0.333 CL28_H1 0 1.9792 1.5935 1.057 0.7612 0.477 1.496e+15 1.29054e+15 9.40414e+14 7.02271e+14 4.33518e+14 6.52314 5.25193
0.333 CL29_H1 0 1.492 1.1875 0.7641 0.535 0.3204 6.40518e+14 5.33135e+14 3.5611e+14 2.44071e+14 1.30153e+14 4.30042 3.42275
0.333 CL2_H1 0 1.1991 0.9613 0.6307 0.4509 0.2769 3.33423e+14 2.83786e+14 2.00245e+14 1.45297e+14 8.46112e+13 5.49776 4.40747
0.333 CL2_H3 0 1.1121 0.8772 0.5553 0.3784 0.2189 2.65906e+14 2.15501e+14 1.35821e+14 8.6752e+13 4.15251e+13 3.36238 2.65217
0.333 CL2_H4 0 1.0976 0.8569 0.5263 0.3523 0.1928 2.54523e+14 1.99827e+14 1.16038e+14 6.92593e+13 2.85848e+13 2.60585 2.0344
0.333 CL2_H5 0 1.115 0.8946 0.5872 0.419 0.2566 2.67965e+14 2.28265e+14 1.61229e+14 1.16829e+14 6.78446e+13 5.51764 4.42698
0.333 CL30_H1 0 1.1034 0.8917 0.5959 0.4335 0.2769 2.59282e+14 2.26276e+14 1.69204e+14 1.29941e+14 8.44662e+13 7.68267 6.20866
0.333 CL30_H2 0 1.0367 0.8192 0.5176 0.3552 0.2044 2.1551e+14 1.75161e+14 1.10482e+14 7.13412e+13 3.40433e+13 3.41354 2.69738
0.333 CL31_H1 0 1.8864 1.4978 0.9613 0.6713 0.3987 1.29356e+15 1.07124e+15 7.08826e+14 4.81295e+14 2.51339e+14 4.12359 3.27412
0.333 CL31_H2 0 1.0628 0.854 0.5669 0.4074 0.2537 2.31242e+14 1.98964e+14 1.44668e+14 1.07553e+14 6.56496e+13 6.38948 5.13419
0.333 CL32_H1 0 1.5877 1.26 0.8076 0.5611 0.3291 7.71027e+14 6.36483e+14 4.18104e+14 2.80719e+14 1.42848e+14 3.97307 3.15303
0.333 CL33_H1 0 1.1701 0.9352 0.6104 0.4335 0.2653 3.08893e+14 2.61226e+14 1.81791e+14 1.29867e+14 7.42155e+13 5.16063 4.12462
0.333 CL33_H2 0 1.0396 0.8337 0.5437 0.3871 0.2363 2.17023e+14 1.84113e+14 1.28236e+14 9.19707e+13 5.25249e+13 5.20302 4.17253
0.333 CL34_H1 0 1.7298 1.3818 0.8975 0.6336 0.3842 9.97293e+14 8.39749e+14 5.76843e+14 4.06171e+14 2.26408e+14 4.86563 3.88677
0.333 CL35_H1 0 1.3876 1.1237 0.7554 0.5524 0.3552 5.14355e+14 4.51592e+14 3.42737e+14 2.67027e+14 1.77656e+14 8.41607 6.81547
0.333 CL36_H1 0 2.0082 1.5819 0.9961 0.6771 0.3871 1.56456e+15 1.26192e+15 7.84681e+14 4.95943e+14 2.30844e+14 3.2193 2.53591
0.333 CL37_H1 0 1.4282 1.1324 0.7206 0.4973 0.2914 5.62985e+14 4.61758e+14 2.97424e+14 1.95821e+14 9.77192e+13 3.68671 2.92314
0.333 CL37_H2 0 1.0135 0.8163 0.5437 0.3929 0.2479 2.00344e+14 1.73576e+14 1.28025e+14 9.67189e+13 6.09842e+13 7.0071 5.64371
0.333 CL38_H1 0 1.5529 1.2455 0.8134 0.5785 0.3552 7.23074e+14 6.14018e+14 4.29032e+14 3.07928e+14 1.77584e+14 5.27361 4.22969
0.333 CL38_H2 0 1.1469 0.9178 0.6017 0.4277 0.2624 2.91166e+14 2.46993e+14 1.73392e+14 1.24568e+14 7.1929e+13 5.33107 4.26616
0.333 CL39_H1 0 1.347 1.0773 0.7032 0.5002 0.3059 4.70657e+14 3.98504e+14 2.77775e+14 1.99041e+14 1.1392e+14 5.21487 4.17073
0.333 CL39_H2 0 1.2687 1.0077 0.6452 0.448 0.2653 3.94491e+14 3.26028e+14 2.14151e+14 1.43789e+14 7.4206e+13 3.99528 3.17336
0.333 CL39_H3 0 1.0947 0.8598 0.5379 0.3668 0.2073 2.53213e+14 2.02966e+14 1.24329e+14 7.83055e+13 3.54819e+13 3.08869 2.42592
0.333 CL3_H1 0 1.1759 0.9439 0.622 0.4451 0.2769 3.13434e+14 2.67961e+14 1.91271e+14 1.39942e+14 8.37106e+13 5.8151 4.6678
0.333 CL3_H2 0 1.0744 0.8627 0.5669 0.4045 0.2479 2.39062e+14 2.03857e+14 1.4429e+14 1.04667e+14 6.09389e+13 5.55788 4.46276
0.333 CL40_H1 0 1.492 1.1933 0.7815 0.5524 0.3378 6.40464e+14 5.42133e+14 3.78805e+14 2.69615e+14 1.54083e+14 5.19148 4.15214
0.333 CL41_H1 0 1.7385 1.376 0.8772 0.6046 0.3523 1.01359e+15 8.3059e+14 5.36625e+14 3.53211e+14 1.75155e+14 3.71916 2.94367
0.333 CL41_H2 0 1.0599 0.8453 0.5495 0.3871 0.2334 2.29836e+14 1.92701e+14 1.31608e+14 9.19251e+13 5.04144e+13 4.65737 3.71438
0.333 CL42_H1 0 1.6341 1.2861 0.8018 0.5437 0.3088 8.42519e+14 6.75962e+14 4.11675e+14 2.56891e+14 1.16794e+14 3.05041 2.40079
0.333 CL42_H2 0 1.1527 0.9236 0.6075 0.4306 0.2653 2.95426e+14 2.51324e+14 1.77702e+14 1.27831e+14 7.4627e+13 5.49164 4.40017
0.333 CL42_H4 0 1.0367 0.8163 0.5118 0.3494 0.1986 2.14963e+14 1.73043e+14 1.06722e+14 6.75822e+13 3.10647e+13 3.15835 2.48689
0.333 CL43_H1 0 1.5703 1.26 0.8308 0.593 0.3668 7.46655e+14 6.38223e+14 4.55897e+14 3.32793e+14 1.97719e+14 5.82631 4.675
0.333 CL43_H2 0 1.3354 1.0657 0.6916 0.4857 0.2943 4.60588e+14 3.86167e+14 2.63037e+14 1.82898e+14 1.00715e+14 4.62185 3.68841
0.333 CL44_H1 0 1.2571 1.0019 0.651 0.4567 0.274 3.83666e+14 3.21208e+14 2.18832e+14 1.51872e+14 8.24612e+13 4.59656 3.66343
0.333 CL44_H2 0 1.2629 0.999 0.6307 0.4335 0.2508 3.89065e+14 3.16929e+14 2.00302e+14 1.29897e+14 6.26942e+13 3.46847 2.74368
0.333 CL45_H1 0 1.0222 0.8192 0.535 0.3784 0.2334 2.0667e+14 1.75134e+14 1.21973e+14 8.67866e+13 5.00605e+13 5.15536 4.13155
0.333 CL46_H1 0 1.3006 1.0367 0.6684 0.4683 0.2827 4.24531e+14 3.54586e+14 2.38507e+14 1.64355e+14 8.91876e+13 4.43791 3.53743
0.333 CL46_H2 0 1.1701 0.9294 0.593 0.4103 0.2421 3.09646e+14 2.55196e+14 1.66029e+14 1.10383e+14 5.61809e+13 3.848 3.05643
0.333 CL47_H1 0 1.9038 1.5239 0.9961 0.7061 0.4335 1.33146e+15 1.12808e+15 7.87415e+14 5.62348e+14 3.23319e+14 5.21453 4.17398
0.333 CL48_H1 0 1.4311 1.1266 0.7061 0.4828 0.274 5.65227e+14 4.55097e+14 2.80801e+14 1.7829e+14 8.18685e+13 3.1745 2.49905
0.333 CL49_H1 0 1.3905 1.1121 0.7206 0.5089 0.3088 5.19915e+14 4.37457e+14 2.98763e+14 2.09731e+14 1.16422e+14 4.7434 3.7937
0.333 CL4_H1 0 1.4804 1.1759 0.7525 0.5234 0.3088 6.25135e+14 5.16519e+14 3.38894e+14 2.27867e+14 1.16942e+14 3.98029 3.16159
0.333 CL4_H2 0 1.1092 0.8917 0.5843 0.419 0.2595 2.6321e+14 2.25091e+14 1.59624e+14 1.1679e+14 6.93005e+13 5.73746 4.61242
0.333 CL4_H3 0 1.1005 0.8917 0.5959 0.4335 0.2769 2.57249e+14 2.25245e+14 1.69058e+14 1.30263e+14 8.51211e+13 7.91789 6.41562
0.333 CL4_H4 0 1.0251 0.8279 0.5495 0.3987 0.2537 2.0723e+14 1.80075e+14 1.32798e+14 1.009e+14 6.44522e+13 7.14629 5.77155
0.333 CL50_H2 0 1.579 1.26 0.8163 0.5727 0.3465 7.60647e+14 6.37339e+14 4.32875e+14 3.00264e+14 1.64675e+14 4.58385 3.65779
0.333 CL51_H1 0 1.2832 1.0251 0.6655 0.4683 0.2827 4.0822e+14 3.4313e+14 2.34691e+14 1.64103e+14 9.04259e+13 4.73791 3.78493
0.333 CL51_H2 0 1.2223 0.9584 0.5959 0.4016 0.2247 3.53062e+14 2.80404e+14 1.67828e+14 1.02603e+14 4.4778e+13 2.82632 2.21611
0.333 CL51_H3 0 1.2484 0.9787 0.6104 0.4132 0.2305 3.75005e+14 2.98876e+14 1.80893e+14 1.12001e+14 4.91642e+13 2.94922 2.31208
0.333 CL52_H1 0 1.6515 1.318 0.8569 0.6046 0.3668 8.68535e+14 7.30114e+14 5.00958e+14 3.51922e+14 1.95769e+14 4.80094 3.83145
0.333 CL53_H1 0 1.5384 1.2426 0.825 0.5959 0.3755 7.04144e+14 6.09903e+14 4.46663e+14 3.35806e+14 2.09969e+14 6.73075 5.43658
0.333 CL53_H2 0 1.2281 0.9903 0.6568 0.4712 0.2972 3.58107e+14 3.09181e+14 2.25188e+14 1.67497e+14 1.04027e+14 6.4928 5.23558
0.333 CL54_H1 0 1.1875 0.9584 0.6365 0.4596 0.2914 3.23007e+14 2.80003e+14 2.05705e+14 1.55014e+14 9.79767e+13 6.89882 5.56785
0.333 CL54_H2 0 1.1527 0.9236 0.6075 0.4335 0.2682 2.95298e+14 2.5154e+14 1.78344e+14 1.29492e+14 7.63554e+13 5.60537 4.4913
0.333 CL55_H1 0 1.4224 1.1208 0.7061 0.4799 0.274 5.54989e+14 4.48153e+14 2.79342e+14 1.76818e+14 8.23346e+13 3.25352 2.56366
0.333 CL56_H1 0 1.5906 1.2803 0.8482 0.6075 0.3813 7.77648e+14 6.68979e+14 4.84245e+14 3.57848e+14 2.19319e+14 6.23745 5.02063
0.333 CL56_H2 0 1.1382 0.9207 0.6133 0.4451 0.2827 2.84889e+14 2.48143e+14 1.84074e+14 1.4032e+14 8.98871e+13 7.31853 5.92002
0.333 CL57_H1 0 1.5355 1.2281 0.796 0.5611 0.3378 7.0012e+14 5.88351e+14 4.00837e+14 2.80153e+14 1.53352e+14 4.65595 3.72385
0.333 CL58_H1 0 1.3441 1.0541 0.651 0.4393 0.245 4.69353e+14 3.72302e+14 2.20423e+14 1.34519e+14 5.81571e+13 2.78028 2.18041
0.333 CL59_H1 0 1.3644 1.0976 0.7264 0.5205 0.3262 4.89584e+14 4.21227e+14 3.04975e+14 2.25671e+14 1.3827e+14 6.2962 5.06502
0.333 CL59_H2 0 1.0396 0.825 0.5263 0.3639 0.2131 2.16631e+14 1.78313e+14 1.15857e+14 7.6886e+13 3.8662e+13 3.82432 3.03488
0.333 CL5_H1 0 1.8632 1.492 0.9729 0.6887 0.419 1.24971e+15 1.05636e+15 7.31593e+14 5.18953e+14 2.92605e+14 5.00813 4.01038
0.333 CL5_H2 0 1.1672 0.9265 0.593 0.4132 0.2421 3.07676e+14 2.53904e+14 1.66368e+14 1.11953e+14 5.68268e+13 3.94546 3.13182
0.333 CL60_H1 0 1.4427 1.1614 0.767 0.5495 0.3436 5.79918e+14 4.98318e+14 3.58799e+14 2.64493e+14 1.60743e+14 6.10969 4.91841
0.333 CL60_H2 0 1.0512 0.8424 0.5495 0.39 0.2392 2.24713e+14 1.90323e+14 1.32262e+14 9.43427e+13 5.39858e+13 5.11578 4.09963
0.333 CL61_H1 0 1.1614 0.9352 0.6191 0.4451 0.2798 3.02632e+14 2.60979e+14 1.8968e+14 1.41271e+14 8.73477e+13 6.47337 5.21258
0.333 CL61_H2 0 1.1614 0.9207 0.5872 0.4074 0.2392 3.02614e+14 2.48793e+14 1.6149e+14 1.07531e+14 5.42538e+13 3.81098 3.02115
0.333 CL61_H3 0 1.0193 0.8163 0.535 0.3813 0.2334 2.04035e+14 1.73345e+14 1.21917e+14 8.79908e+13 5.08379e+13 5.41053 4.33299
0.333 CL62_H1 0 1.086 0.8714 0.5756 0.4132 0.2566 2.46681e+14 2.11235e+14 1.51703e+14 1.11773e+14 6.71612e+13 5.99997 4.81434
0.333 CL63_H1 0 1.3238 1.0396 0.651 0.4422 0.2508 4.4736e+14 3.5862e+14 2.20007e+14 1.37946e+14 6.28306e+13 3.09673 2.43191
0.333 CL64_H1 0 1.5587 1.2397 0.796 0.5553 0.332 7.29904e+14 6.06149e+14 4.0253e+14 2.73773e+14 1.44813e+14 4.20117 3.34137
0.333 CL65_H1 0 1.0802 0.8627 0.5582 0.3929 0.2363 2.43678e+14 2.0436e+14 1.38711e+14 9.65954e+13 5.26296e+13 4.59804 3.67222
0.333 CL65_H2 0 1.0193 0.8105 0.5205 0.3639 0.216 2.04008e+14 1.69251e+14 1.12222e+14 7.64029e+13 3.9955e+13 4.15601 3.30467
0.333 CL66_H1 0 1.724 1.3818 0.9033 0.6423 0.3929 9.90633e+14 8.40056e+14 5.86347e+14 4.20061e+14 2.4054e+14 5.20311 4.17034
0.333 CL67_H1 0 1.6109 1.3006 0.8656 0.6249 0.3958 8.07892e+14 7.01129e+14 5.16978e+14 3.90287e+14 2.47157e+14 7.00909 5.65897
0.333 CL68_H1 0 1.2194 0.9787 0.6394 0.4567 0.2798 3.50421e+14 2.98032e+14 2.08795e+14 1.50834e+14 8.71012e+13 5.3584 4.30069
0.333 CL68_H2 0 1.202 0.9584 0.6191 0.4364 0.2624 3.35746e+14 2.80679e+14 1.89416e+14 1.31605e+14 7.12877e+13 4.47834 3.57075
0.333 CL69_H1 0 1.7037 1.3731 0.912 0.6597 0.4161 9.54123e+14 8.25621e+14 6.05416e+14 4.56186e+14 2.86011e+14 6.79867 5.4794
0.333 CL6_H1 0 1.7965 1.4398 0.941 0.6684 0.4103 1.11895e+15 9.50165e+14 6.65096e+14 4.77242e+14 2.7553e+14 5.3197 4.26346
0.333 CL6_H2 0 1.3644 1.0947 0.7206 0.5147 0.3204 4.90144e+14 4.18874e+14 2.98672e+14 2.18064e+14 1.30444e+14 5.81179 4.66298
0.333 CL70_H1 0 1.7066 1.376 0.912 0.6568 0.4132 9.59668e+14 8.28846e+14 6.03892e+14 4.51154e+14 2.79897e+14 6.5414 5.27421
0.333 CL71_H1 0 1.3847 1.0657 0.6365 0.4103 0.216 5.12278e+14 3.86029e+14 2.04803e+14 1.10326e+14 3.9867e+13 1.98818 1.53015
0.333 CL73_H1 0 1.5964 1.2803 0.8395 0.5959 0.3668 7.85857e+14 6.68356e+14 4.70314e+14 3.38081e+14 1.96551e+14 5.40674 4.33616
0.333 CL73_H3 0 1.1121 0.8917 0.5843 0.4161 0.2537 2.65415e+14 2.25481e+14 1.58249e+14 1.13918e+14 6.53161e+13 5.32794 4.27203
0.333 CL73_H4 0 1.0135 0.8192 0.5466 0.3958 0.2508 2.00843e+14 1.74711e+14 1.29545e+14 9.84111e+13 6.27202e+13 7.21409 5.83106
0.333 CL74_H1 0 1.6138 1.2861 0.8279 0.5814 0.3465 8.11574e+14 6.76528e+14 4.52578e+14 3.11546e+14 1.65416e+14 4.32576 3.44737
0.333 CL75_H1 0 1.1295 0.9033 0.5901 0.419 0.2537 2.78057e+14 2.35031e+14 1.6337e+14 1.16489e+14 6.55262e+13 5.08479 4.06648
0.333 CL75_H2 0 1.0947 0.8743 0.564 0.3958 0.2392 2.53514e+14 2.12394e+14 1.43423e+14 9.93149e+13 5.42304e+13 4.52981 3.6178
0.333 CL76_H1 0 1.1672 0.941 0.6249 0.4509 0.2827 3.07118e+14 2.6534e+14 1.93804e+14 1.45192e+14 8.99031e+13 6.58769 5.31101
0.333 CL76_H2 0 1.1034 0.8859 0.5814 0.4161 0.2566 2.59454e+14 2.21514e+14 1.57041e+14 1.14527e+14 6.74542e+13 5.67388 4.55546
0.333 CL77_H1 0 1.3122 1.0512 0.6887 0.4915 0.303 4.3585e+14 3.70513e+14 2.60711e+14 1.88546e+14 1.10015e+14 5.44075 4.35857
0.333 CL77_H2 0 1.173 0.9352 0.6046 0.4248 0.2537 3.12005e+14 2.60903e+14 1.76334e+14 1.22167e+14 6.56237e+13 4.50022 3.5879
0.333 CL78_H1 0 1.5819 1.2687 0.8308 0.5901 0.3639 7.64695e+14 6.49942e+14 4.56167e+14 3.27656e+14 1.90527e+14 5.35104 4.29159
0.333 CL79_H1 0 1.2774 1.0193 0.6597 0.4625 0.2769 4.02576e+14 3.37024e+14 2.28272e+14 1.57941e+14 8.52172e+13 4.52884 3.61378
0.333 CL79_H2 0 1.1295 0.9091 0.6046 0.4335 0.274 2.77675e+14 2.39652e+14 1.75268e+14 1.30555e+14 8.15129e+13 6.60275 5.31435
0.333 CL7_H1 0 1.7791 1.4311 0.9468 0.6771 0.4219 1.08688e+15 9.33716e+14 6.73727e+14 4.96154e+14 3.00565e+14 6.14317 4.94154
0.333 CL7_H2 0 1.0715 0.8598 0.5611 0.3987 0.245 2.37712e+14 2.02064e+14 1.41303e+14 1.01446e+14 5.86605e+13 5.32753 4.27495
0.333 CL80_H1 0 1.2252 0.9758 0.6307 0.4422 0.2653 3.55574e+14 2.96724e+14 1.99956e+14 1.37872e+14 7.42036e+13 4.42422 3.52363
0.333 CL80_H2 0 1.0744 0.8627 0.5698 0.4074 0.2537 2.39797e+14 2.05097e+14 1.46763e+14 1.07362e+14 6.43554e+13 5.83422 4.68464
0.333 CL81_H1 0 1.6979 1.3673 0.9033 0.651 0.4074 9.44012e+14 8.13082e+14 5.88311e+14 4.37993e+14 2.6843e+14 6.33223 5.09928
0.333 CL81_H2 0 1.0077 0.8105 0.5292 0.3784 0.2334 1.98062e+14 1.689e+14 1.1857e+14 8.59386e+13 5.02125e+13 5.44806 4.38191
0.333 CL82_H1 0 1.6515 1.3151 0.8511 0.5959 0.3581 8.68404e+14 7.25272e+14 4.90348e+14 3.38243e+14 1.82913e+14 4.48486 3.57132
0.333 CL83_H1 0 1.1121 0.8888 0.5814 0.4103 0.2508 2.65572e+14 2.24237e+14 1.5586e+14 1.10311e+14 6.26216e+13 5.0421 4.02969
0.333 CL83_H2 0 1.0164 0.8163 0.535 0.3813 0.2363 2.02314e+14 1.72764e+14 1.22331e+14 8.88237e+13 5.25672e+13 5.67093 4.55448
0.333 CL84_H1 0 1.5616 1.2542 0.8279 0.593 0.3697 7.3407e+14 6.29351e+14 4.52277e+14 3.32855e+14 2.01151e+14 6.05194 4.86062
0.333 CL84_H2 0 1.0309 0.8192 0.5292 0.3697 0.2189 2.11162e+14 1.75395e+14 1.17403e+14 8.01756e+13 4.20273e+13 4.25622 3.38219
0.333 CL85_H1 0 1.5848 1.2426 0.7728 0.5205 0.2914 7.68884e+14 6.11717e+14 3.67583e+14 2.25248e+14 9.88007e+13 2.8848 2.26189
0.333 CL86_H1 0 1.2745 0.999 0.622 0.419 0.2363 3.98749e+14 3.17454e+14 1.91383e+14 1.17516e+14 5.22537e+13 2.9174 2.28677
0.333 CL86_H2 0 1.1092 0.8917 0.5901 0.4219 0.2624 2.62692e+14 2.25634e+14 1.62923e+14 1.20008e+14 7.25942e+13 6.17 4.96014
0.333 CL87_H1 0 1.2832 1.0338 0.6858 0.4944 0.3088 4.08599e+14 3.52411e+14 2.56476e+14 1.9149e+14 1.17577e+14 6.44892 5.19552
0.333 CL88_H1 0 1.5326 1.231 0.8105 0.5814 0.361 6.95194e+14 5.94987e+14 4.24995e+14 3.12062e+14 1.86669e+14 5.87518 4.71901
0.333 CL89_H1 0 1.5645 1.2368 0.7815 0.5379 0.3117 7.37941e+14 6.01153e+14 3.80754e+14 2.47637e+14 1.2003e+14 3.49614 2.76384
0.333 CL8_H1 0 1.1179 0.9033 0.6017 0.4364 0.2769 2.69438e+14 2.34208e+14 1.73222e+14 1.3162e+14 8.38663e+13 7.14445 5.77295
0.333 CL8_H2 0 1.0686 0.8627 0.5698 0.4103 0.2566 2.36096e+14 2.03725e+14 1.47433e+14 1.09708e+14 6.72088e+13 6.33556 5.11481
0.333 CL8_H4 0 0.8801 0.7003 0.4538 0.3175 0.1928 1.31101e+14 1.09515e+14 7.42571e+13 5.12661e+13 2.81659e+13 4.53821 3.61108
0.333 CL90_H1 0 1.2542 0.999 0.6452 0.4538 0.2711 3.79875e+14 3.17428e+14 2.14323e+14 1.48636e+14 7.98709e+13 4.50373 3.58733
0.333 CL90_H2 0 1.1092 0.8859 0.5756 0.4074 0.2479 2.6309e+14 2.21643e+14 1.5251e+14 1.0782e+14 6.05101e+13 4.9132 3.9241
0.333 CL90_H3 0 1.1295 0.8946 0.5727 0.3987 0.2334 2.77501e+14 2.28585e+14 1.49787e+14 1.00681e+14 5.10265e+13 3.95038 3.12883
0.333 CL91_H1 0 1.4427 1.1498 0.7409 0.5176 0.3088 5.79855e+14 4.83033e+14 3.2295e+14 2.20738e+14 1.17027e+14 4.28144 3.41221
0.333 CL91_H2 0 1.2658 0.9874 0.6075 0.4045 0.2218 3.9087e+14 3.06246e+14 1.77739e+14 1.0512e+14 4.33601e+13 2.57137 2.00582
0.333 CL92_H1 0 1.6834 1.3528 0.8946 0.6394 0.3987 9.20848e+14 7.89776e+14 5.68428e+14 4.17532e+14 2.52348e+14 6.04676 4.85925
0.333 CL93_H1 0 1.6892 1.3499 0.8801 0.6249 0.3813 9.28498e+14 7.84173e+14 5.43731e+14 3.87382e+14 2.19733e+14 5.06596 4.04839
0.333 CL94_H1 0 1.1469 0.9178 0.6017 0.4277 0.2624 2.9076e+14 2.4687e+14 1.73636e+14 1.24957e+14 7.23416e+13 5.40585 4.326
0.333 CL95_H1 0 1.2078 0.9671 0.6336 0.448 0.274 3.40923e+14 2.88928e+14 2.02119e+14 1.44021e+14 8.24257e+13 5.21654 4.17694
0.333 CL96_H1 0 1.7907 1.4166 0.9004 0.622 0.361 1.10802e+15 9.06064e+14 5.8147e+14 3.82418e+14 1.87712e+14 3.6406 2.88003
0.333 CL97_H1 0 1.8139 1.434 0.912 0.6278 0.3639 1.15047e+15 9.39783e+14 6.02834e+14 3.94451e+14 1.92891e+14 3.619 2.86104
0.333 CL98_H1 0 1.4166 1.1063 0.68 0.4567 0.2508 5.48064e+14 4.30963e+14 2.51148e+14 1.50924e+14 6.28641e+13 2.64219 2.06343
0.333 CL99_H1 0 1.5732 1.2687 0.8395 0.6046 0.3784 7.51989e+14 6.49182e+14 4.71738e+14 3.51962e+14 2.16649e+14 6.47317 5.22026
0.333 CL9_H1 0 1.3267 1.0657 0.7032 0.5031 0.3117 4.49729e+14 3.85064e+14 2.75789e+14 2.02171e+14 1.20747e+14 5.91018 4.74748
0.333 CL9_H2 0 1.2919 1.0251 0.6539 0.4538 0.2653 4.15603e+14 3.42076e+14 2.22267e+14 1.48161e+14 7.43947e+13 3.82741 3.03698
0.333 CL9_H4 0 1.0251 0.8221 0.5379 0.3813 0.2334 2.07756e+14 1.76479e+14 1.23628e+14 8.8517e+13 5.09023e+13 5.30683 4.25592
