0.667 CL100_H1 0 0.9265 0.7873 0.5089 0.3552 0.2131 2.56611e+14 2.2501e+14 1.51476e+14 1.03822e+14 5.57489e+13 4.11695 3.49841
0.667 CL103_H1 0 1.0222 0.8743 0.5785 0.4132 0.2595 3.45092e+14 3.0887e+14 2.2254e+14 1.63455e+14 9.96839e+13 5.70669 4.881
0.667 CL104_H1 0 0.9787 0.8308 0.5321 0.3697 0.2189 3.0204e+14 2.6342e+14 1.73349e+14 1.16642e+14 6.03136e+13 3.77514 3.20464
0.667 CL104_H2 0 0.9613 0.8105 0.506 0.3436 0.1957 2.87497e+14 2.45381e+14 1.49936e+14 9.38867e+13 4.2974e+13 2.87523 2.42419
0.667 CL107_H1 0 0.8656 0.7409 0.4886 0.3523 0.2189 2.09706e+14 1.87822e+14 1.35008e+14 1.00088e+14 6.04007e+13 5.72563 4.90078
0.667 CL108_H1 0 1.2774 1.0976 0.7322 0.5292 0.3349 6.74545e+14 6.09533e+14 4.50759e+14 3.41064e+14 2.16232e+14 6.64454 5.70929
0.667 CL109_H1 0 1.057 0.8946 0.5669 0.39 0.2247 3.81467e+14 3.29384e+14 2.09645e+14 1.36534e+14 6.58145e+13 3.30075 2.79362
0.667 CL10_H1 0 1.1643 0.9874 0.6336 0.4422 0.2624 5.09012e+14 4.43817e+14 2.93085e+14 1.98555e+14 1.03311e+14 3.81655 3.23668
0.667 CL10_H2 0 0.8395 0.7177 0.4683 0.332 0.2044 1.90898e+14 1.69602e+14 1.18176e+14 8.43781e+13 4.86558e+13 4.87716 4.16955
0.667 CL110_H1 0 0.9207 0.7873 0.5147 0.3668 0.2247 2.51593e+14 2.24016e+14 1.5732e+14 1.13575e+14 6.57189e+13 5.09578 4.35745
0.667 CL111_H1 0 1.0976 0.9352 0.6046 0.4248 0.2566 4.27085e+14 3.76208e+14 2.55185e+14 1.77362e+14 9.71491e+13 4.31431 3.67597
0.667 CL113_H1 0 0.97 0.825 0.5321 0.3726 0.2247 2.95031e+14 2.59001e+14 1.74225e+14 1.19961e+14 6.49847e+13 4.15142 3.53085
0.667 CL114_H1 0 1.0106 0.8598 0.5582 0.3929 0.2363 3.33394e+14 2.93328e+14 1.99742e+14 1.39154e+14 7.58649e+13 4.31556 3.6716
0.667 CL114_H2 0 0.9091 0.7728 0.4973 0.3465 0.2073 2.43195e+14 2.12809e+14 1.41643e+14 9.62365e+13 5.09633e+13 3.93237 3.34279
0.667 CL116_H1 0 1.0338 0.8685 0.5408 0.3639 0.2044 3.56739e+14 3.01943e+14 1.81248e+14 1.10716e+14 4.86725e+13 2.65553 2.23092
0.667 CL117_H1 0 0.8859 0.7612 0.5031 0.3639 0.2276 2.24829e+14 2.02508e+14 1.47185e+14 1.10367e+14 6.80345e+13 6.13309 5.26979
0.667 CL118_H1 0 0.9584 0.8163 0.5263 0.3697 0.2189 2.85459e+14 2.50543e+14 1.67802e+14 1.15532e+14 6.08068e+13 4.03731 3.4387
0.667 CL11_H1 0 1.2861 1.0889 0.6916 0.477 0.2798 6.8775e+14 5.95282e+14 3.82165e+14 2.51083e+14 1.2522e+14 3.42553 2.90028
0.667 CL11_H2 0 1.1527 0.9874 0.6539 0.4712 0.2943 4.949e+14 4.44453e+14 3.22711e+14 2.40604e+14 1.47487e+14 6.02209 5.15851
0.667 CL120_H1 0 1.2223 1.0425 0.6771 0.477 0.2885 5.90944e+14 5.21335e+14 3.55994e+14 2.48782e+14 1.37085e+14 4.37525 3.73165
0.667 CL121_H1 0 1.3557 1.1411 0.709 0.477 0.2682 8.05424e+14 6.83388e+14 4.1001e+14 2.50747e+14 1.10605e+14 2.68051 2.2562
0.667 CL122_H1 0 1.115 0.9468 0.6017 0.4161 0.2421 4.48931e+14 3.89739e+14 2.50769e+14 1.65528e+14 8.18332e+13 3.44944 2.92908
0.667 CL123_H1 0 1.1005 0.941 0.6191 0.4422 0.274 4.30655e+14 3.84347e+14 2.73383e+14 1.9923e+14 1.18198e+14 5.37191 4.59334
0.667 CL125_H1 0 1.1092 0.9497 0.6278 0.4509 0.2798 4.4118e+14 3.95062e+14 2.84214e+14 2.0973e+14 1.26128e+14 5.66992 4.8546
0.667 CL126_H1 0 0.9439 0.8018 0.5089 0.3523 0.2044 2.7271e+14 2.36806e+14 1.52127e+14 1.00506e+14 4.9475e+13 3.4434 2.92501
0.667 CL128_H1 0 1.1208 0.9526 0.6104 0.4248 0.2508 4.54408e+14 3.96903e+14 2.61715e+14 1.76683e+14 9.12188e+13 3.80713 3.23579
0.667 CL129_H1 0 1.1904 1.0106 0.6452 0.448 0.2624 5.44548e+14 4.73986e+14 3.09019e+14 2.06589e+14 1.04361e+14 3.63331 3.08453
0.667 CL12_H1 0 1.0831 0.9236 0.6046 0.4277 0.2624 4.10457e+14 3.63948e+14 2.54257e+14 1.81148e+14 1.03982e+14 4.87753 4.15925
0.667 CL131_H1 0 0.9323 0.7931 0.5089 0.3552 0.2102 2.62821e+14 2.29963e+14 1.52317e+14 1.03473e+14 5.38508e+13 3.87948 3.30024
0.667 CL132_H1 0 1.028 0.8627 0.535 0.361 0.2015 3.51148e+14 2.96571e+14 1.76587e+14 1.07898e+14 4.679e+13 2.60985 2.19019
0.667 CL132_H2 0 0.9149 0.7728 0.4857 0.332 0.187 2.4799e+14 2.12482e+14 1.31672e+14 8.36918e+13 3.808e+13 2.97948 2.51671
0.667 CL133_H1 0 0.8801 0.7438 0.4683 0.3204 0.1841 2.20132e+14 1.89123e+14 1.18203e+14 7.56605e+13 3.57494e+13 3.09425 2.61505
0.667 CL133_H2 0 0.8772 0.738 0.4596 0.3088 0.1725 2.18784e+14 1.85608e+14 1.1175e+14 6.82961e+13 2.9863e+13 2.69424 2.2667
0.667 CL134_H1 0 0.8685 0.7438 0.4886 0.3494 0.216 2.12412e+14 1.89682e+14 1.34519e+14 9.79882e+13 5.7844e+13 5.29916 4.5383
0.667 CL136_H1 0 0.9671 0.8221 0.5292 0.3697 0.2218 2.92683e+14 2.56251e+14 1.70888e+14 1.16625e+14 6.21549e+13 3.97364 3.37786
0.667 CL137_H1 0 1.0773 0.9207 0.6017 0.4277 0.2624 4.04271e+14 3.59189e+14 2.50847e+14 1.79769e+14 1.03416e+14 4.90844 4.19493
0.667 CL139_H1 0 0.9062 0.7757 0.5089 0.361 0.2218 2.40414e+14 2.14252e+14 1.51003e+14 1.08591e+14 6.30833e+13 5.10647 4.3711
0.667 CL13_H1 0 1.0077 0.8656 0.5756 0.4161 0.2624 3.31712e+14 2.9904e+14 2.19155e+14 1.6483e+14 1.03106e+14 6.29832 5.41017
0.667 CL13_H2 0 0.9062 0.7757 0.506 0.361 0.2218 2.41265e+14 2.14725e+14 1.49952e+14 1.08006e+14 6.24031e+13 4.95934 4.24515
0.667 CL140_H1 0 1.0425 0.8859 0.5669 0.3958 0.2334 3.65326e+14 3.19126e+14 2.10292e+14 1.42557e+14 7.35768e+13 3.82503 3.25045
0.667 CL140_H2 0 0.999 0.8424 0.5292 0.361 0.2044 3.22831e+14 2.76181e+14 1.71045e+14 1.08424e+14 4.96842e+13 2.98323 2.51559
0.667 CL141_H1 0 1.1556 0.9874 0.6452 0.4567 0.2798 4.9953e+14 4.4356e+14 3.09328e+14 2.20451e+14 1.26277e+14 4.86382 4.15588
0.667 CL143_H1 0 1.1643 0.97 0.5843 0.3842 0.2044 5.10386e+14 4.20866e+14 2.3044e+14 1.3006e+14 4.90742e+13 2.03749 1.69747
0.667 CL145_H1 0 0.9352 0.796 0.5118 0.3581 0.2131 2.64631e+14 2.31754e+14 1.54028e+14 1.05083e+14 5.52461e+13 3.91181 3.32955
0.667 CL147_H1 0 1.1672 0.9932 0.6423 0.4538 0.274 5.13e+14 4.51432e+14 3.06299e+14 2.14192e+14 1.17389e+14 4.31952 3.67559
0.667 CL149_H1 0 1.2194 1.0338 0.6626 0.4625 0.274 5.84601e+14 5.09527e+14 3.3595e+14 2.27517e+14 1.18037e+14 3.80838 3.22872
0.667 CL150_H1 0 1.1005 0.9352 0.6017 0.419 0.2479 4.29916e+14 3.76015e+14 2.50054e+14 1.69675e+14 8.84328e+13 3.91611 3.32789
0.667 CL151_H1 0 1.0976 0.9178 0.564 0.3755 0.2073 4.26515e+14 3.56907e+14 2.0673e+14 1.22174e+14 5.08923e+13 2.39198 2.00014
0.667 CL153_H1 0 1.0918 0.9352 0.6191 0.4451 0.2769 4.19585e+14 3.76603e+14 2.7292e+14 2.02733e+14 1.23378e+14 5.94546 5.09268
0.667 CL154_H1 0 1.2629 1.0686 0.6742 0.4625 0.2682 6.51352e+14 5.6136e+14 3.53845e+14 2.28522e+14 1.10345e+14 3.20548 2.71231
0.667 CL155_H1 0 0.8656 0.7467 0.5002 0.3639 0.2334 2.09802e+14 1.90927e+14 1.43631e+14 1.1075e+14 7.27523e+13 7.46799 6.44218
0.667 CL156_H1 0 1.1179 0.9555 0.622 0.4422 0.2711 4.51237e+14 4.00563e+14 2.77929e+14 1.98603e+14 1.13627e+14 4.80732 4.10895
0.667 CL157_H1 0 1.1701 0.9758 0.593 0.39 0.2102 5.18076e+14 4.2884e+14 2.39357e+14 1.36185e+14 5.30123e+13 2.12081 1.76864
0.667 CL157_H2 0 0.8511 0.7235 0.4683 0.3291 0.1986 1.98667e+14 1.74781e+14 1.18872e+14 8.27617e+13 4.5378e+13 4.36863 3.71367
0.667 CL158_H1 0 1.028 0.8772 0.5756 0.4074 0.2508 3.51065e+14 3.11707e+14 2.18795e+14 1.56377e+14 9.05005e+13 4.96544 4.23705
0.667 CL15_H1 0 1.0222 0.8743 0.5756 0.4103 0.2537 3.44538e+14 3.07547e+14 2.18871e+14 1.59185e+14 9.4175e+13 5.36796 4.59128
0.667 CL160_H1 0 1.086 0.9323 0.6162 0.4451 0.2798 4.15125e+14 3.73372e+14 2.7068e+14 2.02247e+14 1.24907e+14 6.01369 5.16258
0.667 CL161_H1 0 1.0715 0.9178 0.6075 0.4364 0.2711 3.97177e+14 3.56187e+14 2.57449e+14 1.90654e+14 1.15409e+14 5.8285 4.99244
0.667 CL162_H1 0 1.1411 0.9555 0.5872 0.3929 0.216 4.79382e+14 4.02315e+14 2.34098e+14 1.39812e+14 5.82047e+13 2.44714 2.04911
0.667 CL163_H1 0 1.0715 0.912 0.5959 0.419 0.2566 3.96928e+14 3.50485e+14 2.42439e+14 1.70315e+14 9.6339e+13 4.60991 3.92369
0.667 CL164_H1 0 0.9584 0.8134 0.5205 0.3639 0.2131 2.84437e+14 2.4795e+14 1.62875e+14 1.10287e+14 5.61733e+13 3.75428 3.18628
0.667 CL165_H1 0 1.0715 0.9149 0.5988 0.4248 0.2595 3.98639e+14 3.5352e+14 2.46341e+14 1.75646e+14 1.00014e+14 4.78797 4.08821
0.667 CL167_H1 0 1.1382 0.9613 0.6104 0.419 0.2421 4.76463e+14 4.10242e+14 2.60881e+14 1.69046e+14 8.15083e+13 3.24757 2.74283
0.667 CL168_H1 0 1.1643 0.9816 0.6162 0.419 0.2392 5.09544e+14 4.35369e+14 2.68569e+14 1.69076e+14 7.80674e+13 2.93011 2.47032
0.667 CL169_H1 0 0.999 0.8569 0.5611 0.4016 0.2479 3.22945e+14 2.88762e+14 2.04324e+14 1.4899e+14 8.78284e+13 5.314 4.55812
0.667 CL16_H1 0 1.0338 0.8772 0.5553 0.3842 0.2218 3.58156e+14 3.10207e+14 1.9775e+14 1.29961e+14 6.30945e+13 3.34589 2.83906
0.667 CL170_H1 0 1.1179 0.9497 0.6104 0.4277 0.2537 4.52001e+14 3.95397e+14 2.62989e+14 1.7988e+14 9.43206e+13 3.94797 3.35396
0.667 CL170_H2 0 0.8946 0.7641 0.4973 0.3523 0.2131 2.314e+14 2.0508e+14 1.41792e+14 1.00647e+14 5.63352e+13 4.69887 4.01343
0.667 CL172_H1 0 1.0135 0.8656 0.5698 0.4074 0.2508 3.36222e+14 2.99787e+14 2.13262e+14 1.55535e+14 9.1548e+13 5.36388 4.58113
0.667 CL173_H1 0 0.9497 0.8105 0.5263 0.3726 0.2247 2.77496e+14 2.4537e+14 1.68432e+14 1.18905e+14 6.58133e+13 4.53965 3.87426
0.667 CL174_H1 0 1.347 1.1382 0.7177 0.4915 0.2827 7.90525e+14 6.79637e+14 4.26536e+14 2.73983e+14 1.30099e+14 3.13993 2.65321
0.667 CL175_H1 0 0.8917 0.7583 0.4915 0.3465 0.2073 2.29118e+14 2.01422e+14 1.3676e+14 9.53097e+13 5.15172e+13 4.27879 3.63868
0.667 CL176_H1 0 0.9091 0.7757 0.5031 0.3552 0.2131 2.43468e+14 2.14972e+14 1.46826e+14 1.02977e+14 5.62842e+13 4.42083 3.77213
0.667 CL177_H1 0 1.0889 0.9236 0.593 0.4132 0.245 4.17125e+14 3.63949e+14 2.40879e+14 1.63134e+14 8.49533e+13 3.85648 3.27105
0.667 CL178_H1 0 0.8743 0.7496 0.4973 0.3581 0.2247 2.15301e+14 1.93706e+14 1.41366e+14 1.05692e+14 6.54695e+13 6.19443 5.31093
0.667 CL179_H1 0 1.1005 0.9439 0.6278 0.4538 0.2856 4.31515e+14 3.88615e+14 2.84826e+14 2.14194e+14 1.33673e+14 6.30301 5.4061
0.667 CL17_H1 0 0.9555 0.8163 0.5321 0.3784 0.2305 2.81569e+14 2.50082e+14 1.74198e+14 1.24832e+14 7.1134e+13 4.90201 4.18787
0.667 CL180_H1 0 0.8627 0.7322 0.4683 0.3262 0.1928 2.07052e+14 1.80326e+14 1.18062e+14 7.94033e+13 4.07765e+13 3.68855 3.13058
0.667 CL181_H1 0 1.1469 0.9729 0.622 0.4306 0.2537 4.86394e+14 4.23361e+14 2.7693e+14 1.84826e+14 9.43203e+13 3.67907 3.12091
0.667 CL182_H1 0 1.0077 0.8598 0.5611 0.3958 0.2421 3.31157e+14 2.93079e+14 2.0277e+14 1.43089e+14 8.09921e+13 4.64273 3.96132
0.667 CL182_H2 0 0.9381 0.7931 0.5002 0.3407 0.1957 2.67157e+14 2.29415e+14 1.43327e+14 9.10722e+13 4.28675e+13 3.05159 2.57991
0.667 CL184_H1 0 1.0309 0.8801 0.5756 0.4103 0.2508 3.54689e+14 3.1503e+14 2.20453e+14 1.5865e+14 9.10823e+13 4.96121 4.23549
0.667 CL184_H2 0 0.9468 0.8047 0.5176 0.361 0.216 2.74148e+14 2.39936e+14 1.59779e+14 1.08765e+14 5.7683e+13 3.95735 3.36341
0.667 CL185_H1 0 0.8772 0.7438 0.477 0.3349 0.1986 2.17679e+14 1.8993e+14 1.25654e+14 8.58854e+13 4.48358e+13 3.87706 3.28746
0.667 CL186_H1 0 1.1672 1.0019 0.6655 0.4799 0.3001 5.12821e+14 4.62028e+14 3.38152e+14 2.53614e+14 1.56982e+14 6.28084 5.39134
0.667 CL187_H1 0 1.1904 1.0164 0.6655 0.4741 0.2914 5.43969e+14 4.8384e+14 3.40288e+14 2.45644e+14 1.42762e+14 5.10682 4.36036
0.667 CL18_H1 0 0.9961 0.8511 0.5524 0.39 0.2363 3.20204e+14 2.83252e+14 1.94071e+14 1.3642e+14 7.57671e+13 4.49005 3.83645
0.667 CL18_H2 0 0.8656 0.738 0.477 0.3378 0.2015 2.1029e+14 1.85325e+14 1.25667e+14 8.80902e+13 4.75394e+13 4.30876 3.6736
0.667 CL190_H1 0 0.9265 0.7844 0.4915 0.3378 0.1928 2.57771e+14 2.21585e+14 1.37355e+14 8.81385e+13 4.10925e+13 3.03646 2.57075
0.667 CL191_H1 0 0.999 0.8511 0.5524 0.39 0.2334 3.22474e+14 2.84261e+14 1.94005e+14 1.35904e+14 7.39126e+13 4.38433 3.73524
0.667 CL192_H1 0 1.1063 0.9439 0.6133 0.4335 0.2624 4.38013e+14 3.87075e+14 2.65544e+14 1.8696e+14 1.03786e+14 4.50389 3.84274
0.667 CL193_H1 0 0.8714 0.7467 0.4944 0.3552 0.2218 2.14438e+14 1.92542e+14 1.39599e+14 1.03661e+14 6.33769e+13 5.95849 5.10582
0.667 CL194_H1 0 1.0802 0.9207 0.5959 0.419 0.2508 4.07255e+14 3.58553e+14 2.42897e+14 1.68629e+14 9.10293e+13 4.24423 3.61754
0.667 CL196_H1 0 1.1121 0.9352 0.5785 0.3871 0.216 4.44732e+14 3.75979e+14 2.22596e+14 1.34145e+14 5.78359e+13 2.56574 2.15761
0.667 CL198_H1 0 0.9236 0.7931 0.5234 0.3755 0.2363 2.54808e+14 2.29011e+14 1.65347e+14 1.22412e+14 7.5294e+13 5.88037 5.0495
0.667 CL199_H1 0 1.0512 0.8975 0.5872 0.4161 0.2566 3.74463e+14 3.3256e+14 2.32694e+14 1.66377e+14 9.63945e+13 4.94445 4.2215
0.667 CL19_H1 0 1.0048 0.8598 0.5669 0.4045 0.2508 3.28338e+14 2.9353e+14 2.09918e+14 1.5335e+14 9.15086e+13 5.51361 4.71795
0.667 CL1_H1 0 0.9787 0.8366 0.5466 0.3871 0.2392 3.03296e+14 2.69558e+14 1.88302e+14 1.34485e+14 7.80424e+13 4.92512 4.21003
0.667 CL200_H2 0 0.9033 0.7699 0.5002 0.3523 0.2131 2.38443e+14 2.10271e+14 1.43675e+14 1.00416e+14 5.53652e+13 4.38859 3.74048
0.667 CL201_H1 0 0.8917 0.7641 0.5002 0.3581 0.2218 2.29434e+14 2.04982e+14 1.4496e+14 1.05695e+14 6.25296e+13 5.30625 4.54694
0.667 CL202_H1 0 0.8859 0.7583 0.4973 0.3552 0.2189 2.24786e+14 2.00495e+14 1.41632e+14 1.02803e+14 6.02276e+13 5.20667 4.45673
0.667 CL203_H1 0 1.0048 0.8569 0.5524 0.3871 0.2334 3.28153e+14 2.88926e+14 1.94756e+14 1.34501e+14 7.30862e+13 4.21077 3.59097
0.667 CL205_H1 0 1.0367 0.8743 0.5495 0.3726 0.2131 3.60816e+14 3.0843e+14 1.90612e+14 1.19643e+14 5.54056e+13 2.9374 2.47725
0.667 CL205_H2 0 0.9091 0.7728 0.4973 0.3494 0.2073 2.4324e+14 2.13094e+14 1.42321e+14 9.79096e+13 5.15913e+13 4.02139 3.41847
0.667 CL205_H3 0 0.8279 0.709 0.4654 0.332 0.2044 1.83723e+14 1.63842e+14 1.15656e+14 8.37349e+13 4.88914e+13 5.14457 4.40572
0.667 CL207_H1 0 1.1788 1.0135 0.6713 0.4857 0.3059 5.29996e+14 4.77988e+14 3.48951e+14 2.62408e+14 1.63687e+14 6.26139 5.38337
0.667 CL208_H1 0 1.1353 0.9671 0.6307 0.4451 0.2711 4.71641e+14 4.16628e+14 2.87505e+14 2.02609e+14 1.13769e+14 4.58685 3.90729
0.667 CL208_H2 0 0.9671 0.8279 0.5466 0.3929 0.245 2.91585e+14 2.61163e+14 1.87868e+14 1.38846e+14 8.40793e+13 5.71457 4.89204
0.667 CL209_H1 0 0.9903 0.8337 0.5147 0.3465 0.1928 3.14057e+14 2.66055e+14 1.57625e+14 9.59735e+13 4.13736e+13 2.60551 2.19349
0.667 CL20_H1 0 1.0048 0.8511 0.5466 0.3784 0.2247 3.27129e+14 2.84639e+14 1.87532e+14 1.25522e+14 6.50148e+13 3.74429 3.17155
0.667 CL210_H1 0 1.0164 0.8685 0.564 0.3987 0.2421 3.40275e+14 3.011e+14 2.06572e+14 1.4552e+14 8.116e+13 4.51454 3.85762
0.667 CL213_H1 0 0.9294 0.7815 0.4799 0.3204 0.1783 2.59875e+14 2.19146e+14 1.27698e+14 7.61777e+13 3.23854e+13 2.46788 2.07516
0.667 CL214_H1 0 1.0773 0.9178 0.5988 0.4248 0.2566 4.03215e+14 3.5665e+14 2.47101e+14 1.75678e+14 9.82087e+13 4.70398 4.00753
0.667 CL216_H1 0 0.8946 0.7583 0.4857 0.3349 0.1957 2.31423e+14 2.01031e+14 1.31222e+14 8.68809e+13 4.35942e+13 3.59 3.04304
0.667 CL218_H1 0 0.8917 0.7641 0.5002 0.3581 0.2189 2.29729e+14 2.04985e+14 1.44403e+14 1.0493e+14 6.07856e+13 5.15663 4.41873
0.667 CL219_H1 0 1.1005 0.9352 0.6046 0.4248 0.2537 4.30539e+14 3.77802e+14 2.54908e+14 1.7634e+14 9.45108e+13 4.17444 3.54742
0.667 CL21_H1 0 1.1788 1.0019 0.6452 0.4509 0.2682 5.28267e+14 4.62254e+14 3.07999e+14 2.10061e+14 1.10512e+14 3.94158 3.35007
0.667 CL220_H1 0 0.9526 0.8105 0.5205 0.361 0.2131 2.79897e+14 2.44617e+14 1.61528e+14 1.08572e+14 5.59688e+13 3.78295 3.21865
0.667 CL221_H1 0 0.8946 0.7641 0.5002 0.3581 0.2189 2.30844e+14 2.05415e+14 1.44522e+14 1.049e+14 6.0662e+13 5.12547 4.37779
0.667 CL221_H2 0 0.9149 0.7728 0.4857 0.3291 0.187 2.47607e+14 2.12125e+14 1.314e+14 8.25677e+13 3.79703e+13 2.9727 2.51099
0.667 CL222_H1 0 1.1527 0.9816 0.6336 0.4422 0.2653 4.95128e+14 4.34595e+14 2.91595e+14 1.99457e+14 1.06803e+14 4.05582 3.4538
0.667 CL223_H1 0 1.1846 1.0106 0.6597 0.4683 0.2856 5.37502e+14 4.76139e+14 3.30515e+14 2.35448e+14 1.33488e+14 4.74443 4.04755
0.667 CL225_H1 0 1.0657 0.9091 0.593 0.419 0.2537 3.91479e+14 3.46407e+14 2.39552e+14 1.69328e+14 9.46458e+13 4.64216 3.96001
0.667 CL226_H1 0 1.0715 0.912 0.5901 0.4132 0.2479 3.97536e+14 3.49506e+14 2.36481e+14 1.63281e+14 8.82214e+13 4.22366 3.59494
0.667 CL227_H1 0 1.115 0.9584 0.6452 0.4683 0.3001 4.47085e+14 4.0646e+14 3.08052e+14 2.37973e+14 1.57074e+14 7.74903 6.66069
0.667 CL228_H1 0 1.0454 0.8888 0.5698 0.3987 0.2363 3.6863e+14 3.22375e+14 2.13293e+14 1.45268e+14 7.57614e+13 3.87685 3.2961
0.667 CL229_H1 0 1.115 0.941 0.5959 0.4103 0.2363 4.47164e+14 3.84782e+14 2.44004e+14 1.58656e+14 7.61575e+13 3.25208 2.74458
0.667 CL230_H1 0 0.9091 0.7757 0.5031 0.3552 0.2131 2.42692e+14 2.1422e+14 1.46175e+14 1.02436e+14 5.59181e+13 4.39264 3.74807
0.667 CL232_H1 0 0.8685 0.7438 0.4915 0.3552 0.2218 2.11171e+14 1.89533e+14 1.37177e+14 1.02408e+14 6.26477e+13 5.95851 5.10298
0.667 CL233_H1 0 0.9381 0.8018 0.5205 0.3668 0.2218 2.67372e+14 2.36683e+14 1.6242e+14 1.14089e+14 6.3302e+13 4.53215 3.87365
0.667 CL234_H1 0 1.0773 0.9178 0.5988 0.4248 0.2566 4.03114e+14 3.56558e+14 2.47031e+14 1.75625e+14 9.81754e+13 4.70316 4.00683
0.667 CL235_H1 0 0.9323 0.796 0.5147 0.361 0.216 2.62659e+14 2.31523e+14 1.56632e+14 1.08387e+14 5.84078e+13 4.22517 3.60746
0.667 CL238_H1 0 1.0918 0.9265 0.5901 0.4103 0.2392 4.20435e+14 3.65563e+14 2.37232e+14 1.58503e+14 7.93211e+13 3.58646 3.04346
0.667 CL239_H1 0 1.0222 0.8685 0.5553 0.3842 0.2247 3.4604e+14 3.01142e+14 1.96134e+14 1.30307e+14 6.5452e+13 3.57318 3.03591
0.667 CL23_H1 0 0.9381 0.8018 0.5234 0.3726 0.2276 2.66157e+14 2.36484e+14 1.64967e+14 1.18381e+14 6.77341e+13 4.90487 4.19222
0.667 CL240_H1 0 1.1991 1.0193 0.6568 0.4596 0.274 5.56955e+14 4.88149e+14 3.26907e+14 2.24183e+14 1.19035e+14 4.05792 3.44945
0.667 CL241_H1 0 0.9874 0.8424 0.5495 0.39 0.2363 3.11718e+14 2.76025e+14 1.91237e+14 1.36043e+14 7.63633e+13 4.70282 4.01221
0.667 CL243_H1 0 1.0454 0.8946 0.5901 0.4248 0.2653 3.6857e+14 3.30202e+14 2.37712e+14 1.76162e+14 1.07104e+14 5.78576 4.95116
0.667 CL244_H1 0 0.9033 0.7728 0.5031 0.3552 0.216 2.38534e+14 2.11701e+14 1.46492e+14 1.03667e+14 5.84232e+13 4.71026 4.02976
0.667 CL246_H1 0 1.0773 0.9149 0.5872 0.4074 0.2421 4.03239e+14 3.51874e+14 2.32194e+14 1.56106e+14 8.11913e+13 3.78784 3.21683
0.667 CL247_H1 0 1.0193 0.8685 0.5611 0.3929 0.2334 3.43176e+14 3.01352e+14 2.02366e+14 1.38949e+14 7.34929e+13 4.0523 3.45279
0.667 CL24_H1 0 1.5152 1.2948 0.8482 0.6046 0.3697 1.12414e+15 1.00003e+15 7.02717e+14 5.07003e+14 2.92356e+14 5.05368 4.31858
0.667 CL250_H1 0 1.1266 0.9555 0.6104 0.4248 0.2508 4.61318e+14 4.0157e+14 2.62653e+14 1.7647e+14 9.04749e+13 3.69635 3.13498
0.667 CL252_H1 0 0.8772 0.7467 0.4828 0.3407 0.2044 2.18155e+14 1.91941e+14 1.30038e+14 9.07077e+13 4.92049e+13 4.27976 3.64306
0.667 CL253_H1 0 1.0077 0.8569 0.5524 0.3871 0.2305 3.31445e+14 2.90284e+14 1.939e+14 1.32842e+14 7.01735e+13 3.9773 3.3821
0.667 CL256_H1 0 1.0164 0.8743 0.5814 0.4219 0.2682 3.39231e+14 3.06989e+14 2.26972e+14 1.72669e+14 1.10376e+14 6.76851 5.82222
0.667 CL256_H2 0 0.8859 0.7525 0.4828 0.3378 0.1986 2.24078e+14 1.95756e+14 1.29503e+14 8.8133e+13 4.5421e+13 3.85778 3.27687
0.667 CL257_H1 0 0.9613 0.8221 0.5379 0.3842 0.2363 2.8685e+14 2.55448e+14 1.79572e+14 1.29981e+14 7.56447e+13 5.10442 4.36528
0.667 CL259_H1 0 1.0193 0.8656 0.5553 0.3871 0.2276 3.41859e+14 2.98201e+14 1.96489e+14 1.32705e+14 6.80019e+13 3.76425 3.19664
0.667 CL25_H1 0 0.9149 0.7815 0.5118 0.3639 0.2218 2.47601e+14 2.19863e+14 1.53752e+14 1.1019e+14 6.28602e+13 4.89053 4.17745
0.667 CL261_H1 0 1.1527 0.9903 0.6597 0.477 0.3001 4.95102e+14 4.46936e+14 3.2925e+14 2.48571e+14 1.55963e+14 6.49573 5.58057
0.667 CL262_H1 0 1.0309 0.883 0.5814 0.4161 0.2595 3.53259e+14 3.16426e+14 2.26886e+14 1.66785e+14 1.00761e+14 5.67173 4.85803
0.667 CL263_H1 0 0.9787 0.8308 0.535 0.3726 0.2218 3.0312e+14 2.64717e+14 1.75859e+14 1.1916e+14 6.24747e+13 3.87213 3.28698
0.667 CL264_H1 0 0.9091 0.7728 0.4973 0.3465 0.2073 2.4367e+14 2.13158e+14 1.41743e+14 9.62252e+13 5.08967e+13 3.90871 3.32268
0.667 CL266_H1 0 1.1759 0.9874 0.6133 0.4132 0.2305 5.25203e+14 4.44269e+14 2.65797e+14 1.62515e+14 7.06466e+13 2.6509 2.22595
0.667 CL267_H1 0 1.0889 0.9323 0.6162 0.4422 0.2769 4.17245e+14 3.74151e+14 2.70267e+14 2.00028e+14 1.22243e+14 5.85969 5.01698
0.667 CL269_H1 0 1.0338 0.8772 0.564 0.3929 0.2334 3.57547e+14 3.1178e+14 2.06096e+14 1.39241e+14 7.24638e+13 3.78981 3.21573
0.667 CL26_H1 0 1.4108 1.2107 0.8047 0.5814 0.3668 9.06386e+14 8.16997e+14 5.99396e+14 4.51163e+14 2.82886e+14 6.38143 5.47632
0.667 CL270_H1 0 1.1788 0.9932 0.6191 0.419 0.2363 5.30192e+14 4.5133e+14 2.73664e+14 1.69733e+14 7.59497e+13 2.78247 2.34438
0.667 CL271_H1 0 1.0599 0.9091 0.6017 0.4306 0.2682 3.85819e+14 3.46234e+14 2.50049e+14 1.84366e+14 1.11742e+14 5.78551 4.96236
0.667 CL272_H1 0 0.8772 0.7438 0.4799 0.3349 0.1986 2.17539e+14 1.90043e+14 1.26954e+14 8.652e+13 4.53795e+13 3.96885 3.36529
0.667 CL275_H1 0 0.9584 0.8134 0.5234 0.3639 0.216 2.85268e+14 2.48752e+14 1.6448e+14 1.10833e+14 5.75652e+13 3.77617 3.20486
0.667 CL276_H1 0 1.1179 0.9381 0.5814 0.3929 0.2189 4.50573e+14 3.80833e+14 2.2712e+14 1.39307e+14 6.04098e+13 2.64357 2.21839
0.667 CL278_H1 0 0.97 0.825 0.5263 0.3668 0.216 2.95856e+14 2.57959e+14 1.68145e+14 1.12947e+14 5.75588e+13 3.64031 3.09614
0.667 CL279_H1 0 1.028 0.8772 0.5727 0.4074 0.2479 3.51594e+14 3.11815e+14 2.17116e+14 1.55417e+14 8.82575e+13 4.84398 4.13341
0.667 CL27_H1 0 1.0164 0.8656 0.564 0.3958 0.2392 3.38828e+14 2.99005e+14 2.05665e+14 1.43734e+14 7.95593e+13 4.51136 3.84202
0.667 CL27_H2 0 0.8888 0.7583 0.4944 0.3494 0.2102 2.27618e+14 2.01139e+14 1.3843e+14 9.74859e+13 5.37279e+13 4.50276 3.84163
0.667 CL28_H1 0 1.1179 0.9555 0.6307 0.4509 0.2798 4.50356e+14 4.02611e+14 2.88874e+14 2.11906e+14 1.2705e+14 5.61889 4.80262
0.667 CL28_H2 0 1.0628 0.8975 0.5698 0.39 0.2247 3.87554e+14 3.33574e+14 2.11948e+14 1.36767e+14 6.55787e+13 3.23483 2.73171
0.667 CL29_H1 0 0.9845 0.8366 0.5408 0.3784 0.2276 3.08576e+14 2.70634e+14 1.82307e+14 1.25365e+14 6.76284e+13 4.13287 3.512
0.667 CL29_H2 0 0.9613 0.8105 0.5089 0.3465 0.1957 2.87411e+14 2.45684e+14 1.51773e+14 9.58108e+13 4.36176e+13 2.95008 2.4873
0.667 CL2_H1 0 1.0077 0.8656 0.5785 0.419 0.2653 3.30464e+14 2.99029e+14 2.22511e+14 1.69448e+14 1.08288e+14 6.92106 5.9451
0.667 CL30_H1 0 0.8975 0.7699 0.5118 0.3668 0.2305 2.33339e+14 2.10076e+14 1.53717e+14 1.14542e+14 7.11314e+13 6.23983 5.3527
0.667 CL31_H1 0 1.4572 1.2339 0.7844 0.5408 0.3146 9.98524e+14 8.64225e+14 5.55112e+14 3.64453e+14 1.79573e+14 3.41613 2.89265
0.667 CL32_H1 0 1.0889 0.9265 0.5988 0.419 0.2508 4.16555e+14 3.65983e+14 2.47057e+14 1.70242e+14 9.15261e+13 4.19103 3.56597
0.667 CL34_H1 0 1.2832 1.0976 0.7148 0.506 0.3088 6.84021e+14 6.07267e+14 4.20943e+14 2.99104e+14 1.69731e+14 4.75811 4.0699
0.667 CL35_H1 0 1.0483 0.9004 0.6046 0.4393 0.2827 3.71197e+14 3.36909e+14 2.53941e+14 1.95658e+14 1.29011e+14 7.50732 6.44815
0.667 CL36_H1 0 1.0715 0.9178 0.6017 0.4277 0.2624 3.97821e+14 3.54847e+14 2.50255e+14 1.80532e+14 1.04903e+14 5.15142 4.41248
0.667 CL36_H2 0 0.9671 0.8134 0.5089 0.3465 0.1957 2.91595e+14 2.48166e+14 1.51712e+14 9.52016e+13 4.2978e+13 2.85057 2.39753
0.667 CL38_H1 0 1.0802 0.9236 0.6017 0.4248 0.2595 4.08105e+14 3.61838e+14 2.50129e+14 1.7675e+14 9.9966e+13 4.65772 3.98248
0.667 CL38_H2 0 0.8627 0.7351 0.477 0.3349 0.2015 2.0737e+14 1.82713e+14 1.24455e+14 8.6519e+13 4.72151e+13 4.33187 3.69115
0.667 CL39_H1 0 1.1672 0.9874 0.6249 0.4306 0.2479 5.13414e+14 4.43146e+14 2.8168e+14 1.83788e+14 8.8509e+13 3.30368 2.79477
0.667 CL39_H2 0 1.0483 0.8859 0.5611 0.3842 0.2218 3.71923e+14 3.20293e+14 2.02934e+14 1.30941e+14 6.29196e+13 3.22755 2.72755
0.667 CL3_H1 0 0.8975 0.7641 0.4973 0.3523 0.2131 2.33098e+14 2.0572e+14 1.41483e+14 9.99574e+13 5.55506e+13 4.54276 3.86755
0.667 CL40_H1 0 1.3151 1.0686 0.5959 0.3639 0.1754 7.35188e+14 5.63179e+14 2.4438e+14 1.1077e+14 3.08054e+13 1.1394 0.925836
0.667 CL41_H1 0 1.26 1.0715 0.6916 0.4857 0.2914 6.45009e+14 5.66507e+14 3.82017e+14 2.64314e+14 1.42642e+14 4.19986 3.57155
0.667 CL42_H1 0 0.941 0.8047 0.5292 0.3755 0.2305 2.69463e+14 2.40057e+14 1.69739e+14 1.22252e+14 7.10825e+13 5.15221 4.40594
0.667 CL42_H2 0 0.8337 0.7032 0.4422 0.303 0.1725 1.87167e+14 1.60264e+14 9.95571e+13 6.3577e+13 2.947e+13 3.01567 2.54362
0.667 CL43_H1 0 1.1469 0.9584 0.5814 0.3813 0.2073 4.87238e+14 4.04603e+14 2.26062e+14 1.28416e+14 5.08195e+13 2.15276 1.79894
0.667 CL43_H2 0 1.0106 0.8685 0.5785 0.419 0.2682 3.33665e+14 3.01986e+14 2.24049e+14 1.70512e+14 1.10128e+14 6.90004 5.92983
0.667 CL44_H1 0 0.9903 0.8366 0.5263 0.361 0.2073 3.13113e+14 2.6905e+14 1.6826e+14 1.08169e+14 5.11743e+13 3.12279 2.63812
0.667 CL44_H2 0 0.9207 0.7902 0.5205 0.3726 0.2305 2.53138e+14 2.26923e+14 1.62468e+14 1.19266e+14 7.12069e+13 5.58112 4.79005
0.667 CL45_H1 0 0.8946 0.7583 0.4886 0.3407 0.2015 2.30991e+14 2.01389e+14 1.33674e+14 9.05925e+13 4.70128e+13 3.8415 3.25621
0.667 CL46_H1 0 1.0425 0.883 0.5611 0.3871 0.2276 3.65272e+14 3.1652e+14 2.03792e+14 1.34223e+14 6.73672e+13 3.47429 2.94273
0.667 CL46_H2 0 0.8337 0.7003 0.4364 0.2943 0.1667 1.87246e+14 1.58814e+14 9.60217e+13 5.91494e+13 2.65434e+13 2.75149 2.31122
0.667 CL47_H1 0 1.3702 1.1672 0.7583 0.5321 0.3233 8.29745e+14 7.31626e+14 5.00349e+14 3.48569e+14 1.93381e+14 4.41843 3.76383
0.667 CL48_H1 0 1.1469 0.9613 0.5901 0.3929 0.2131 4.87472e+14 4.08503e+14 2.35734e+14 1.39023e+14 5.6155e+13 2.35541 1.97424
0.667 CL49_H1 0 1.0106 0.8627 0.564 0.4016 0.245 3.33731e+14 2.96399e+14 2.07344e+14 1.49046e+14 8.53407e+13 4.96207 4.23588
0.667 CL4_H1 0 0.9236 0.7873 0.5089 0.3581 0.2131 2.55071e+14 2.24425e+14 1.51517e+14 1.05062e+14 5.61186e+13 4.18339 3.56603
0.667 CL50_H1 0 1.1846 1.0077 0.6539 0.4625 0.2798 5.36093e+14 4.72193e+14 3.22546e+14 2.26604e+14 1.25179e+14 4.42322 3.76269
0.667 CL51_H1 0 1.0135 0.8598 0.5495 0.3813 0.2247 3.36577e+14 2.92696e+14 1.90849e+14 1.27402e+14 6.48284e+13 3.61417 3.06607
0.667 CL52_H1 0 1.2339 1.0541 0.6887 0.4886 0.2972 6.07692e+14 5.3921e+14 3.75329e+14 2.677e+14 1.51687e+14 4.80395 4.10394
0.667 CL53_H1 0 1.2397 1.0657 0.7148 0.5205 0.332 6.14995e+14 5.58247e+14 4.19887e+14 3.23724e+14 2.11177e+14 7.417 6.37598
0.667 CL53_H2 0 0.9555 0.8163 0.5379 0.3842 0.2363 2.82111e+14 2.51467e+14 1.78791e+14 1.30107e+14 7.63431e+13 5.30385 4.53117
0.667 CL54_H1 0 0.9787 0.8395 0.5524 0.3958 0.245 3.03883e+14 2.72217e+14 1.94529e+14 1.42788e+14 8.51923e+13 5.54237 4.75408
0.667 CL54_H2 0 0.9903 0.8337 0.5234 0.3552 0.2015 3.14066e+14 2.67747e+14 1.64732e+14 1.03206e+14 4.7038e+13 2.8886 2.43181
0.667 CL55_H1 0 1.0222 0.8714 0.564 0.3958 0.2392 3.45215e+14 3.03988e+14 2.05974e+14 1.42714e+14 7.79961e+13 4.2489 3.62208
0.667 CL56_H1 0 1.1933 1.0193 0.6713 0.477 0.2943 5.48758e+14 4.88809e+14 3.46769e+14 2.50617e+14 1.47097e+14 5.23595 4.47248
0.667 CL56_H2 0 0.9323 0.8018 0.5321 0.3842 0.245 2.62305e+14 2.3703e+14 1.74255e+14 1.31453e+14 8.37468e+13 6.54439 5.62833
0.667 CL57_H1 0 0.883 0.7554 0.4915 0.3494 0.2131 2.23297e+14 1.98302e+14 1.37424e+14 9.81226e+13 5.57181e+13 4.77739 4.08702
0.667 CL58_H1 0 1.0367 0.883 0.5669 0.3987 0.2363 3.60358e+14 3.16234e+14 2.10815e+14 1.45204e+14 7.64293e+13 4.02514 3.42838
0.667 CL59_H1 0 1.0193 0.8772 0.5872 0.4277 0.274 3.41864e+14 3.10715e+14 2.33767e+14 1.80528e+14 1.18564e+14 7.52884 6.47925
0.667 CL5_H1 0 1.3876 1.1817 0.767 0.5408 0.3291 8.61953e+14 7.60653e+14 5.2133e+14 3.66038e+14 2.0445e+14 4.51368 3.84391
0.667 CL60_H1 0 1.0599 0.9004 0.5814 0.4074 0.2421 3.83892e+14 3.36304e+14 2.25697e+14 1.55067e+14 8.20492e+13 4.06192 3.45065
0.667 CL61_H1 0 0.9294 0.796 0.5234 0.3755 0.2334 2.60362e+14 2.32747e+14 1.6571e+14 1.21447e+14 7.25133e+13 5.42297 4.6446
0.667 CL62_H1 0 0.9033 0.7583 0.4712 0.3146 0.1754 2.37948e+14 2.00946e+14 1.19794e+14 7.2125e+13 3.11264e+13 2.59251 2.17635
0.667 CL64_H1 0 1.144 0.97 0.6133 0.4219 0.2421 4.85189e+14 4.19196e+14 2.65404e+14 1.72359e+14 8.22744e+13 3.23904 2.74639
0.667 CL65_H1 0 0.8685 0.7351 0.4654 0.3204 0.1841 2.11865e+14 1.82787e+14 1.15926e+14 7.53868e+13 3.60819e+13 3.25009 2.75089
0.667 CL66_H1 0 1.2571 1.0686 0.6829 0.4741 0.2798 6.43412e+14 5.60957e+14 3.6673e+14 2.45528e+14 1.25628e+14 3.66839 3.11832
0.667 CL66_H2 0 0.912 0.7728 0.4915 0.3407 0.1986 2.44642e+14 2.12197e+14 1.36997e+14 9.08969e+13 4.52296e+13 3.51162 2.97564
0.667 CL67_H1 0 1.2687 1.086 0.7119 0.5089 0.3117 6.60116e+14 5.88768e+14 4.15692e+14 3.01927e+14 1.75567e+14 5.20108 4.4521
0.667 CL68_H1 0 0.8888 0.7583 0.4886 0.3436 0.2073 2.27288e+14 2.00216e+14 1.34961e+14 9.3603e+13 5.09656e+13 4.22245 3.60248
0.667 CL69_H1 0 1.1701 0.999 0.6481 0.4567 0.274 5.19172e+14 4.58366e+14 3.12633e+14 2.18504e+14 1.1913e+14 4.36909 3.73021
0.667 CL6_H1 0 1.5007 1.2687 0.8047 0.5553 0.3204 1.09224e+15 9.42504e+14 6.01021e+14 3.93253e+14 1.90326e+14 3.32276 2.80908
0.667 CL6_H2 0 1.1179 0.9526 0.6133 0.4306 0.2566 4.51897e+14 3.96821e+14 2.655e+14 1.82724e+14 9.70038e+13 4.04579 3.44755
0.667 CL70_H1 0 1.0483 0.8975 0.593 0.4277 0.2682 3.71381e+14 3.33269e+14 2.41216e+14 1.79754e+14 1.10469e+14 5.96645 5.10817
0.667 CL73_H1 0 1.0976 0.9323 0.6017 0.4219 0.2508 4.26854e+14 3.74001e+14 2.51071e+14 1.72735e+14 9.15361e+13 4.08367 3.46866
0.667 CL73_H2 0 0.8714 0.738 0.4712 0.3262 0.1899 2.14084e+14 1.85485e+14 1.20008e+14 7.94099e+13 3.93657e+13 3.47151 2.94006
0.667 CL74_H1 0 1.2571 1.0628 0.6742 0.4625 0.2682 6.42452e+14 5.54e+14 3.52595e+14 2.28639e+14 1.11032e+14 3.28113 2.77399
0.667 CL75_H1 0 0.9149 0.767 0.4741 0.3204 0.1783 2.46913e+14 2.08137e+14 1.23113e+14 7.51703e+13 3.23344e+13 2.5732 2.15722
0.667 CL76_H1 0 0.8772 0.7525 0.5002 0.3581 0.2247 2.18281e+14 1.96331e+14 1.43236e+14 1.06337e+14 6.56454e+13 6.09412 5.2278
0.667 CL77_H1 0 0.8453 0.7235 0.477 0.3407 0.2131 1.95006e+14 1.74505e+14 1.25094e+14 9.16772e+13 5.54625e+13 5.61613 4.80689
0.667 CL78_H1 0 1.2513 1.0599 0.6742 0.4654 0.2711 6.31776e+14 5.47572e+14 3.53119e+14 2.32875e+14 1.15481e+14 3.48519 2.9521
0.667 CL79_H1 0 0.9236 0.7931 0.5321 0.3871 0.245 2.54671e+14 2.3066e+14 1.72744e+14 1.32529e+14 8.51878e+13 7.13122 6.12362
0.667 CL79_H2 0 0.9033 0.7583 0.4712 0.3175 0.1783 2.38136e+14 2.01448e+14 1.20681e+14 7.38548e+13 3.24681e+13 2.66375 2.23615
0.667 CL7_H1 0 1.347 1.1527 0.7554 0.5379 0.332 7.91663e+14 7.05364e+14 4.96626e+14 3.58467e+14 2.09489e+14 5.10659 4.36998
0.667 CL80_H1 0 0.9178 0.7815 0.5031 0.3523 0.2102 2.50039e+14 2.19258e+14 1.46332e+14 1.00198e+14 5.30841e+13 3.98531 3.39346
0.667 CL81_H1 0 1.2397 1.057 0.6916 0.4886 0.3001 6.15376e+14 5.45108e+14 3.79654e+14 2.69457e+14 1.5429e+14 4.78702 4.08154
0.667 CL82_H1 0 1.3122 1.1121 0.7061 0.4857 0.2827 7.29945e+14 6.32035e+14 4.05054e+14 2.64932e+14 1.30388e+14 3.39338 2.87592
0.667 CL84_H1 0 1.231 1.0541 0.6974 0.5002 0.3117 6.03141e+14 5.40852e+14 3.90921e+14 2.89146e+14 1.75684e+14 5.84793 5.00755
0.667 CL85_H1 0 0.9004 0.7641 0.4915 0.3407 0.2015 2.36065e+14 2.05868e+14 1.36149e+14 9.14648e+13 4.72746e+13 3.78967 3.216
0.667 CL87_H1 0 1.0512 0.8975 0.5872 0.4161 0.2566 3.75024e+14 3.33176e+14 2.33368e+14 1.67017e+14 9.6901e+13 4.98204 4.25359
0.667 CL88_H1 0 1.1701 1.0048 0.6684 0.4828 0.3059 5.16696e+14 4.66539e+14 3.43835e+14 2.59671e+14 1.64484e+14 6.58529 5.65498
0.667 CL89_H1 0 0.9903 0.8395 0.5379 0.3755 0.2218 3.13407e+14 2.72837e+14 1.79247e+14 1.21059e+14 6.22909e+13 3.73035 3.1623
0.667 CL8_H1 0 0.9207 0.7873 0.5176 0.3697 0.2276 2.52083e+14 2.24939e+14 1.59795e+14 1.16376e+14 6.84483e+13 5.34666 4.57198
0.667 CL8_H2 0 0.8714 0.7467 0.4915 0.3523 0.2189 2.14337e+14 1.91769e+14 1.36872e+14 1.00373e+14 6.00335e+13 5.48416 4.69936
0.667 CL90_H1 0 0.8917 0.7496 0.4683 0.3175 0.1783 2.29151e+14 1.94531e+14 1.18024e+14 7.32711e+13 3.25293e+13 2.75785 2.31837
0.667 CL90_H2 0 0.8801 0.7409 0.4596 0.3088 0.1725 2.20685e+14 1.87148e+14 1.11852e+14 6.81556e+13 2.96821e+13 2.65114 2.23183
0.667 CL91_H2 0 0.8772 0.7322 0.4451 0.2943 0.158 2.18618e+14 1.81294e+14 1.01493e+14 5.8312e+13 2.26427e+13 2.14795 1.7929
0.667 CL92_H1 0 1.0686 0.9178 0.6133 0.4451 0.2827 3.93286e+14 3.55871e+14 2.64834e+14 2.02077e+14 1.29643e+14 6.93423 5.95568
0.667 CL93_H1 0 1.2745 1.0831 0.6916 0.4799 0.2827 6.70645e+14 5.84389e+14 3.81368e+14 2.54942e+14 1.29926e+14 3.6479 3.10007
0.667 CL96_H1 0 1.2542 1.0628 0.6771 0.4683 0.274 6.36609e+14 5.52102e+14 3.5691e+14 2.36132e+14 1.18024e+14 3.50093 2.96666
0.667 CL97_H1 0 1.2745 1.0802 0.6887 0.477 0.2798 6.70345e+14 5.81958e+14 3.7748e+14 2.50752e+14 1.26239e+14 3.55665 3.01443
0.667 CL98_H1 0 0.999 0.8424 0.5292 0.361 0.2044 3.22191e+14 2.75506e+14 1.70398e+14 1.07889e+14 4.93592e+13 2.9601 2.49608
0.667 CL99_H1 0 1.2803 1.086 0.6945 0.4799 0.2827 6.78729e+14 5.90172e+14 3.85055e+14 2.55797e+14 1.29997e+14 3.61401 3.06555
0.667 CL9_H1 0 1.0338 0.8801 0.5727 0.4016 0.245 3.56191e+14 3.14059e+14 2.15381e+14 1.50141e+14 8.38811e+13 4.45955 3.79653
0.667 CL9_H2 0 0.97 0.8308 0.5437 0.39 0.2392 2.94743e+14 2.63143e+14 1.85829e+14 1.35618e+14 7.92013e+13 5.2641 4.50867
0.667 CL9_H3 0 0.9178 0.7757 0.4915 0.3378 0.1928 2.49777e+14 2.15015e+14 1.36091e+14 8.8108e+13 4.16084e+13 3.19908 2.70378
