0.250 CL100_H1 0 1.4746 1.1469 0.7351 0.5147 0.3059 5.40356e+14 4.40474e+14 2.9122e+14 1.98398e+14 1.03801e+14 4.22437 3.28559
0.250 CL101_H1 0 1.3818 1.0686 0.6771 0.4654 0.2711 4.4494e+14 3.56308e+14 2.26848e+14 1.47627e+14 7.23024e+13 3.62097 2.80024
0.250 CL102_H1 0 1.5413 1.1962 0.767 0.5321 0.3146 6.17105e+14 5.00891e+14 3.29623e+14 2.21213e+14 1.13983e+14 4.09883 3.1811
0.250 CL103_H1 0 1.5326 1.2049 0.7902 0.564 0.3465 6.06956e+14 5.10027e+14 3.60312e+14 2.61352e+14 1.52536e+14 5.67086 4.45832
0.250 CL103_H2 0 1.4137 1.1092 0.7293 0.5205 0.3204 4.77096e+14 4.00081e+14 2.8291e+14 2.05015e+14 1.19772e+14 5.62642 4.41453
0.250 CL104_H1 0 1.3876 1.086 0.7061 0.5002 0.303 4.51061e+14 3.74545e+14 2.58028e+14 1.8269e+14 1.02053e+14 5.03288 3.93896
0.250 CL104_H2 0 1.3151 1.0309 0.6742 0.4799 0.2943 3.83774e+14 3.20435e+14 2.23872e+14 1.60646e+14 9.23715e+13 5.34151 4.18718
0.250 CL105_H1 0 1.1208 0.8772 0.5698 0.4016 0.245 2.37674e+14 1.97127e+14 1.35369e+14 9.51179e+13 5.33848e+13 4.95278 3.87632
0.250 CL105_H3 0 1.0309 0.8076 0.5292 0.3755 0.2305 1.84352e+14 1.54178e+14 1.0835e+14 7.77987e+13 4.50259e+13 5.50565 4.31309
0.250 CL106_H1 0 1.3905 1.0744 0.6771 0.4625 0.2653 4.54353e+14 3.61745e+14 2.26713e+14 1.4505e+14 6.84961e+13 3.41783 2.64086
0.250 CL106_H2 0 1.3499 1.0367 0.6481 0.4393 0.2479 4.15954e+14 3.26418e+14 1.99151e+14 1.24118e+14 5.5826e+13 3.1022 2.38244
0.250 CL107_H1 0 1.3615 1.0686 0.6974 0.4944 0.303 4.25637e+14 3.55861e+14 2.48369e+14 1.77569e+14 1.02027e+14 5.36909 4.21404
0.250 CL107_H2 0 1.2078 0.9555 0.6365 0.4596 0.2914 2.97943e+14 2.55441e+14 1.88753e+14 1.4272e+14 9.06758e+13 7.23827 5.72625
0.250 CL108_H1 0 1.7733 1.405 0.941 0.6858 0.4393 9.40339e+14 8.1234e+14 6.10817e+14 4.71559e+14 3.09298e+14 8.10692 6.42318
0.250 CL108_H2 0 1.0077 0.7728 0.4828 0.3262 0.1841 1.72735e+14 1.35293e+14 8.23736e+13 5.1062e+13 2.29175e+13 3.08369 2.36486
0.250 CL109_H1 0 1.5616 1.2194 0.7931 0.5582 0.3378 6.41459e+14 5.30177e+14 3.63229e+14 2.54074e+14 1.4048e+14 4.84387 3.78241
0.250 CL109_H2 0 1.2658 0.9816 0.6278 0.4364 0.2566 3.42568e+14 2.77329e+14 1.81326e+14 1.21518e+14 6.1832e+13 4.00338 3.10453
0.250 CL10_H1 0 1.7907 1.3963 0.9004 0.6278 0.3755 9.70583e+14 7.9504e+14 5.31883e+14 3.62742e+14 1.92889e+14 4.37278 3.40968
0.250 CL10_H2 0 1.3731 1.0628 0.6742 0.4654 0.2711 4.37532e+14 3.50999e+14 2.24205e+14 1.46955e+14 7.22352e+13 3.66304 2.83524
0.250 CL10_H4 0 1.1672 0.9207 0.6104 0.4422 0.2769 2.67594e+14 2.28158e+14 1.66718e+14 1.2555e+14 7.78634e+13 6.8332 5.3901
0.250 CL110_H1 0 1.6631 1.2687 0.7815 0.5234 0.2885 7.76861e+14 5.97943e+14 3.4954e+14 2.09412e+14 8.77721e+13 2.7124 2.06916
0.250 CL111_H1 0 1.6312 1.2687 0.8163 0.5698 0.3378 7.32841e+14 5.98132e+14 3.97966e+14 2.70892e+14 1.41724e+14 4.29184 3.33807
0.250 CL112_H1 0 0.9468 0.7293 0.4538 0.3088 0.1754 1.4361e+14 1.13056e+14 6.86864e+13 4.30338e+13 1.95681e+13 3.11248 2.39748
0.250 CL113_H1 0 1.4485 1.1295 0.7293 0.5118 0.3059 5.1286e+14 4.20878e+14 2.82939e+14 1.9502e+14 1.04248e+14 4.47679 3.49087
0.250 CL114_H1 0 1.2919 1.0222 0.6829 0.4973 0.3175 3.6408e+14 3.13243e+14 2.33568e+14 1.79105e+14 1.1595e+14 7.66902 6.06802
0.250 CL114_H2 0 1.2281 0.9671 0.6336 0.4538 0.2798 3.13143e+14 2.63719e+14 1.8654e+14 1.36026e+14 8.00045e+13 5.75306 4.5304
0.250 CL115_H1 0 1.1962 0.9497 0.6336 0.4596 0.2914 2.89486e+14 2.49529e+14 1.85778e+14 1.41886e+14 9.10496e+13 7.61348 6.04458
0.250 CL116_H1 0 1.5877 1.2397 0.8047 0.5669 0.3407 6.75568e+14 5.57641e+14 3.80384e+14 2.65697e+14 1.45105e+14 4.76343 3.71936
0.250 CL117_H1 0 1.2339 0.9613 0.622 0.4364 0.2595 3.16886e+14 2.59934e+14 1.75179e+14 1.20794e+14 6.41964e+13 4.49363 3.50087
0.250 CL117_H2 0 1.2194 0.9671 0.6452 0.4683 0.2972 3.06553e+14 2.64156e+14 1.96796e+14 1.50472e+14 9.67571e+13 7.66523 6.07925
0.250 CL118_H1 0 1.1962 0.9352 0.6104 0.4306 0.2624 2.88391e+14 2.39503e+14 1.65887e+14 1.17174e+14 6.61008e+13 5.10163 3.9885
0.250 CL119_H1 0 1.0889 0.854 0.5611 0.3987 0.2479 2.17519e+14 1.82484e+14 1.29138e+14 9.32745e+13 5.52048e+13 5.68774 4.46076
0.250 CL11_H1 0 2.2228 1.7066 1.0628 0.7206 0.4045 1.85443e+15 1.45187e+15 8.78385e+14 5.45476e+14 2.42092e+14 3.03369 2.32918
0.250 CL120_H1 0 1.6109 1.2629 0.8279 0.5872 0.361 7.04495e+14 5.89364e+14 4.1417e+14 2.97164e+14 1.72205e+14 5.485 4.30008
0.250 CL121_H1 0 1.7907 1.3905 0.8859 0.6133 0.361 9.70156e+14 7.84842e+14 5.0935e+14 3.3851e+14 1.71475e+14 3.913 3.03849
0.250 CL122_H1 0 1.84 1.4079 0.8714 0.5843 0.3262 1.04996e+15 8.14326e+14 4.83194e+14 2.92406e+14 1.26456e+14 2.84406 2.17617
0.250 CL123_H1 0 1.7211 1.3383 0.8569 0.5988 0.3523 8.58963e+14 6.99189e+14 4.60667e+14 3.12424e+14 1.60641e+14 4.16018 3.23489
0.250 CL124_H1 0 1.3325 1.0425 0.6771 0.4799 0.2914 3.98787e+14 3.30768e+14 2.27258e+14 1.6073e+14 8.98447e+13 4.97586 3.89293
0.250 CL124_H2 0 1.1556 0.8598 0.5031 0.3175 0.1609 2.6016e+14 1.85783e+14 9.26489e+13 4.69024e+13 1.52712e+13 1.7366 1.29208
0.250 CL125_H1 0 1.4833 1.1672 0.767 0.5495 0.3407 5.50778e+14 4.64533e+14 3.30763e+14 2.42194e+14 1.44256e+14 5.93054 4.66671
0.250 CL126_H1 0 1.9415 1.5094 0.9729 0.68 0.4045 1.23281e+15 1.00655e+15 6.71781e+14 4.58598e+14 2.41578e+14 4.33057 3.36676
0.250 CL127_H1 0 1.4108 1.0976 0.7061 0.4915 0.2914 4.744e+14 3.86743e+14 2.56579e+14 1.73672e+14 9.04948e+13 4.21568 3.2798
0.250 CL128_H1 0 1.9067 1.4891 0.9642 0.6771 0.4074 1.16996e+15 9.64033e+14 6.53559e+14 4.53246e+14 2.46392e+14 4.64222 3.6255
0.250 CL129_H1 0 1.6341 1.2803 0.8366 0.593 0.361 7.35889e+14 6.1317e+14 4.26634e+14 3.03868e+14 1.72206e+14 5.218 4.08825
0.250 CL12_H1 0 1.4717 1.1614 0.7699 0.5524 0.3465 5.38679e+14 4.5807e+14 3.32745e+14 2.47005e+14 1.51973e+14 6.51595 5.1421
0.250 CL12_H2 0 1.1788 0.9236 0.6017 0.4277 0.2595 2.76124e+14 2.30001e+14 1.59476e+14 1.13811e+14 6.41685e+13 5.19265 4.06849
0.250 CL130_H1 0 1.8777 1.4485 0.9149 0.6278 0.361 1.11541e+15 8.8833e+14 5.59883e+14 3.61363e+14 1.72158e+14 3.48862 2.6912
0.250 CL131_H1 0 1.6399 1.2629 0.7931 0.5408 0.3088 7.44227e+14 5.88181e+14 3.63964e+14 2.30487e+14 1.06863e+14 3.25743 2.50858
0.250 CL131_H2 0 1.1005 0.8569 0.5524 0.3871 0.2305 2.24816e+14 1.8426e+14 1.23631e+14 8.50336e+13 4.51821e+13 4.47289 3.4828
0.250 CL132_H1 0 1.8661 1.4514 0.9323 0.651 0.3871 1.09698e+15 8.94892e+14 5.93844e+14 4.03949e+14 2.11866e+14 4.2649 3.31712
0.250 CL133_H1 0 1.5616 1.2165 0.7844 0.5495 0.3291 6.42911e+14 5.26657e+14 3.52843e+14 2.42239e+14 1.29407e+14 4.42063 3.44371
0.250 CL133_H2 0 1.3035 1.0222 0.6684 0.4741 0.2885 3.74572e+14 3.12315e+14 2.1745e+14 1.55009e+14 8.78295e+13 5.21502 4.0896
0.250 CL133_H3 0 1.1498 0.9004 0.5901 0.419 0.2566 2.55955e+14 2.13993e+14 1.50391e+14 1.08055e+14 6.23602e+13 5.50383 4.31001
0.250 CL134_H1 0 1.4717 1.1382 0.7235 0.5002 0.2914 5.36904e+14 4.31541e+14 2.77627e+14 1.83145e+14 9.06598e+13 3.77857 2.92231
0.250 CL135_H1 0 1.2571 0.97 0.6133 0.4219 0.2421 3.35712e+14 2.67371e+14 1.68641e+14 1.09165e+14 5.18667e+13 3.48013 2.68533
0.250 CL135_H2 0 1.1266 0.8801 0.5698 0.4016 0.2421 2.40856e+14 1.99164e+14 1.35893e+14 9.51678e+13 5.23495e+13 4.85141 3.78992
0.250 CL136_H1 0 1.5674 1.2339 0.8163 0.5843 0.3639 6.50648e+14 5.50516e+14 3.96546e+14 2.91836e+14 1.76305e+14 6.19499 4.87686
0.250 CL137_H1 0 1.6196 1.2716 0.8308 0.5901 0.361 7.175e+14 6.00032e+14 4.19226e+14 3.00371e+14 1.72314e+14 5.36898 4.21536
0.250 CL138_H1 0 1.2716 0.9787 0.6133 0.419 0.2363 3.46316e+14 2.73432e+14 1.68631e+14 1.06929e+14 4.86192e+13 3.24164 2.49497
0.250 CL138_H2 0 1.1063 0.8772 0.5872 0.4277 0.2711 2.28129e+14 1.96933e+14 1.4767e+14 1.13697e+14 7.35046e+13 7.93183 6.28925
0.250 CL139_H1 0 1.2339 0.9729 0.6452 0.4654 0.2914 3.16775e+14 2.69609e+14 1.96469e+14 1.46968e+14 9.06908e+13 6.67243 5.26105
0.250 CL139_H2 0 0.9758 0.7728 0.5176 0.3755 0.2392 1.56566e+14 1.34803e+14 1.00751e+14 7.70424e+13 4.97728e+13 7.68486 6.08614
0.250 CL13_H1 0 1.6254 1.2687 0.8192 0.5727 0.3436 7.2596e+14 5.96193e+14 4.00789e+14 2.75066e+14 1.47653e+14 4.47113 3.48993
0.250 CL13_H2 0 1.2194 0.9613 0.6365 0.4567 0.2856 3.0588e+14 2.59505e+14 1.87709e+14 1.38916e+14 8.47747e+13 6.3567 5.01123
0.250 CL140_H1 0 1.5152 1.1846 0.7699 0.5437 0.3291 5.8641e+14 4.86108e+14 3.3415e+14 2.35407e+14 1.30967e+14 4.97483 3.88938
0.250 CL140_H3 0 1.0715 0.8511 0.5727 0.419 0.2711 2.07314e+14 1.80479e+14 1.37871e+14 1.08036e+14 7.29404e+13 9.06254 7.19844
0.250 CL141_H1 0 1.8516 1.4456 0.9352 0.6597 0.3958 1.06959e+15 8.82261e+14 5.99142e+14 4.18465e+14 2.27577e+14 4.72472 3.68873
0.250 CL142_H1 0 1.1701 0.9236 0.6133 0.4422 0.2798 2.69876e+14 2.30295e+14 1.68637e+14 1.26547e+14 7.94377e+13 6.87376 5.4257
0.250 CL142_H2 0 1.2165 0.9381 0.593 0.4074 0.2363 3.03053e+14 2.41503e+14 1.52612e+14 9.88049e+13 4.77824e+13 3.52636 2.71934
0.250 CL143_H1 0 1.637 1.2803 0.8337 0.5901 0.3581 7.39026e+14 6.13231e+14 4.22901e+14 2.99112e+14 1.67401e+14 5.02269 3.92825
0.250 CL144_H1 0 1.2745 0.999 0.6539 0.4625 0.2827 3.49463e+14 2.91701e+14 2.03859e+14 1.45273e+14 8.3056e+13 5.32337 4.17265
0.250 CL144_H2 0 1.0686 0.8308 0.5379 0.3755 0.2247 2.05517e+14 1.68219e+14 1.13311e+14 7.76229e+13 4.14989e+13 4.4692 3.47465
0.250 CL145_H1 0 1.5152 1.1788 0.7612 0.5321 0.3175 5.8613e+14 4.79783e+14 3.22059e+14 2.20709e+14 1.17388e+14 4.44067 3.45476
0.250 CL146_H1 0 1.4021 1.0918 0.7032 0.4915 0.2914 4.65485e+14 3.80477e+14 2.53686e+14 1.73131e+14 9.07572e+13 4.31728 3.36182
0.250 CL147_H1 0 1.6747 1.3122 0.854 0.6046 0.3668 7.92504e+14 6.59217e+14 4.55381e+14 3.22766e+14 1.81102e+14 5.09133 3.98927
0.250 CL148_H1 0 1.0338 0.8134 0.5379 0.3871 0.2421 1.86004e+14 1.57546e+14 1.13759e+14 8.43658e+13 5.14571e+13 6.33452 4.98404
0.250 CL149_H1 0 1.8429 1.4224 0.8946 0.6104 0.3494 1.05781e+15 8.39925e+14 5.23407e+14 3.33323e+14 1.56165e+14 3.35292 2.58787
0.250 CL14_H1 0 1.5413 1.1788 0.7322 0.4915 0.274 6.17757e+14 4.79528e+14 2.86419e+14 1.74029e+14 7.53746e+13 2.88352 2.20534
0.250 CL14_H2 0 1.2078 0.9381 0.6017 0.4161 0.245 2.9808e+14 2.41765e+14 1.58734e+14 1.05892e+14 5.40417e+13 4.02795 3.12851
0.250 CL14_H3 0 1.115 0.8656 0.5495 0.3813 0.2218 2.34318e+14 1.89117e+14 1.21757e+14 8.08067e+13 4.00426e+13 3.8136 2.96058
0.250 CL150_H1 0 1.6196 1.2658 0.8221 0.5814 0.3523 7.172e+14 5.93864e+14 4.07253e+14 2.8689e+14 1.59485e+14 4.9178 3.84351
0.250 CL151_H1 0 1.6892 1.2919 0.7989 0.535 0.2972 8.14476e+14 6.30607e+14 3.72877e+14 2.24767e+14 9.61562e+13 2.8074 2.1471
0.250 CL152_H1 0 1.4688 1.1382 0.7235 0.5002 0.2914 5.34806e+14 4.30949e+14 2.77759e+14 1.83526e+14 9.10587e+13 3.81402 2.95556
0.250 CL153_H1 0 1.7008 1.3441 0.8888 0.6394 0.4016 8.31186e+14 7.0818e+14 5.14398e+14 3.83411e+14 2.36924e+14 6.6134 5.2264
0.250 CL154_H1 0 1.5964 1.2455 0.8076 0.5669 0.3407 6.87068e+14 5.66208e+14 3.85045e+14 2.67374e+14 1.45493e+14 4.70167 3.66821
0.250 CL155_H1 0 1.6051 1.2484 0.8018 0.5582 0.3291 6.96882e+14 5.67576e+14 3.75397e+14 2.53768e+14 1.30957e+14 4.17876 3.25012
0.250 CL156_H1 0 1.7066 1.3441 0.8888 0.6394 0.3987 8.38482e+14 7.11396e+14 5.14699e+14 3.82276e+14 2.33011e+14 6.43071 5.06476
0.250 CL157_H1 0 1.5239 1.1875 0.767 0.5379 0.3233 5.97238e+14 4.90334e+14 3.30341e+14 2.27902e+14 1.23006e+14 4.5345 3.53351
0.250 CL157_H2 0 1.4717 1.1556 0.7583 0.5408 0.332 5.36927e+14 4.50845e+14 3.1873e+14 2.31062e+14 1.3477e+14 5.68643 4.46507
0.250 CL158_H1 0 1.4427 1.1382 0.7525 0.5408 0.3378 5.07512e+14 4.3069e+14 3.11004e+14 2.30392e+14 1.40332e+14 6.33066 4.99449
0.250 CL159_H1 0 1.1585 0.9091 0.5959 0.4248 0.2595 2.62017e+14 2.19493e+14 1.54437e+14 1.11518e+14 6.4303e+13 5.53353 4.34228
0.250 CL15_H1 0 1.4224 1.0744 0.6481 0.4248 0.2247 4.86082e+14 3.63161e+14 1.99098e+14 1.11835e+14 4.17622e+13 2.24112 1.69281
0.250 CL15_H2 0 1.3441 1.0541 0.6887 0.4886 0.3001 4.095e+14 3.42088e+14 2.38875e+14 1.7086e+14 9.8402e+13 5.35357 4.1985
0.250 CL15_H3 0 1.1063 0.8714 0.5756 0.4132 0.2566 2.28747e+14 1.93488e+14 1.39006e+14 1.02451e+14 6.15899e+13 6.12881 4.82749
0.250 CL160_H1 0 1.5848 1.2397 0.8076 0.5698 0.3465 6.71397e+14 5.57389e+14 3.84817e+14 2.71436e+14 1.52374e+14 5.04691 3.94791
0.250 CL161_H1 0 1.6109 1.2629 0.8279 0.5872 0.361 7.03972e+14 5.88865e+14 4.13735e+14 2.96798e+14 1.71945e+14 5.47683 4.29368
0.250 CL162_H1 0 1.4398 1.1295 0.7409 0.5263 0.3233 5.0416e+14 4.22057e+14 2.96892e+14 2.13456e+14 1.237e+14 5.4993 4.31411
0.250 CL163_H1 0 1.8545 1.4485 0.9381 0.6597 0.3958 1.07681e+15 8.87682e+14 6.02357e+14 4.1867e+14 2.27047e+14 4.66473 3.64349
0.250 CL164_H1 0 1.4253 1.1121 0.7148 0.5002 0.2972 4.89102e+14 4.00958e+14 2.67529e+14 1.83215e+14 9.66498e+13 4.38656 3.42265
0.250 CL165_H1 0 1.5587 1.2194 0.7931 0.5611 0.3407 6.38358e+14 5.3006e+14 3.65483e+14 2.5855e+14 1.44944e+14 5.05461 3.95431
0.250 CL166_H1 0 1.1962 0.9381 0.6162 0.4364 0.2682 2.88311e+14 2.41434e+14 1.70223e+14 1.22143e+14 7.09027e+13 5.5434 4.34732
0.250 CL166_H2 0 1.3093 1.0251 0.6684 0.4741 0.2885 3.78804e+14 3.15204e+14 2.18508e+14 1.55467e+14 8.78354e+13 5.1595 4.03956
0.250 CL166_H3 0 1.0686 0.8424 0.5582 0.4016 0.2537 2.05421e+14 1.74894e+14 1.27478e+14 9.51955e+13 5.93703e+13 6.72321 5.30005
0.250 CL167_H1 0 1.637 1.2832 0.8337 0.5901 0.3581 7.41538e+14 6.16325e+14 4.24134e+14 2.99898e+14 1.67769e+14 5.01146 3.92835
0.250 CL168_H1 0 1.6486 1.289 0.8337 0.5872 0.3552 7.56882e+14 6.2521e+14 4.24766e+14 2.9634e+14 1.62956e+14 4.73887 3.7052
0.250 CL169_H1 0 1.3673 1.0802 0.7206 0.5205 0.3291 4.31695e+14 3.69585e+14 2.73106e+14 2.06385e+14 1.30564e+14 7.17988 5.67228
0.250 CL169_H2 0 1.1063 0.8714 0.5727 0.4103 0.2537 2.28426e+14 1.92815e+14 1.37349e+14 1.006e+14 5.97539e+13 5.9383 4.67743
0.250 CL16_H1 0 2.1358 1.6312 1.0048 0.6742 0.3726 1.64205e+15 1.26663e+15 7.41996e+14 4.46425e+14 1.88393e+14 2.74027 2.09286
0.250 CL16_H2 0 1.0686 0.8308 0.535 0.3726 0.2218 2.05568e+14 1.67716e+14 1.11666e+14 7.58127e+13 3.98621e+13 4.28909 3.33462
0.250 CL170_H1 0 1.8458 1.4311 0.912 0.6307 0.3697 1.06237e+15 8.5748e+14 5.5548e+14 3.68048e+14 1.84851e+14 3.8687 2.99951
0.250 CL170_H2 0 1.2194 0.9613 0.6365 0.4567 0.2856 3.06389e+14 2.59929e+14 1.88005e+14 1.39128e+14 8.48972e+13 6.35382 5.00896
0.250 CL171_H1 0 1.3267 1.0367 0.6771 0.477 0.2914 3.93366e+14 3.26386e+14 2.25968e+14 1.59242e+14 8.99737e+13 5.06639 3.95894
0.250 CL172_H1 0 1.5529 1.2194 0.8018 0.5727 0.3552 6.31016e+14 5.30987e+14 3.77639e+14 2.75285e+14 1.63573e+14 5.86662 4.60671
0.250 CL173_H1 0 1.3441 1.057 0.6974 0.5002 0.3117 4.087e+14 3.45593e+14 2.48409e+14 1.83149e+14 1.10732e+14 6.21026 4.88375
0.250 CL174_H1 0 1.7269 1.3615 0.8975 0.6452 0.4016 8.6813e+14 7.36148e+14 5.29899e+14 3.92298e+14 2.3766e+14 6.302 4.96854
0.250 CL175_H1 0 1.4949 1.1614 0.7467 0.5205 0.3088 5.63017e+14 4.58478e+14 3.03975e+14 2.06064e+14 1.07482e+14 4.22044 3.27889
0.250 CL176_H1 0 1.8139 1.3876 0.8569 0.5756 0.3204 1.00658e+15 7.79573e+14 4.60274e+14 2.78562e+14 1.19602e+14 2.80891 2.14876
0.250 CL177_H1 0 1.5848 1.231 0.7902 0.5495 0.3262 6.70983e+14 5.4557e+14 3.60188e+14 2.42877e+14 1.26257e+14 4.15031 3.22377
0.250 CL178_H1 0 1.4688 1.1353 0.7177 0.4915 0.2827 5.35447e+14 4.27038e+14 2.69281e+14 1.73327e+14 8.25422e+13 3.47243 2.68399
0.250 CL178_H2 0 1.2368 0.9613 0.6191 0.4335 0.2566 3.19404e+14 2.60473e+14 1.73362e+14 1.18377e+14 6.18045e+13 4.27745 3.32464
0.250 CL179_H1 0 1.7965 1.4166 0.9381 0.6742 0.4219 9.8008e+14 8.32419e+14 6.03333e+14 4.47978e+14 2.744e+14 6.45128 5.08705
0.250 CL17_H1 0 1.318 1.0396 0.6858 0.4944 0.3088 3.86206e+14 3.27808e+14 2.36422e+14 1.75726e+14 1.07142e+14 6.36444 5.02009
0.250 CL17_H2 0 1.3702 1.0715 0.7003 0.4973 0.303 4.33135e+14 3.60541e+14 2.51074e+14 1.79283e+14 1.01842e+14 5.25317 4.10799
0.250 CL180_H1 0 1.3296 1.0338 0.6655 0.4654 0.2769 3.95668e+14 3.23471e+14 2.16124e+14 1.47912e+14 7.81657e+13 4.39731 3.41902
0.250 CL180_H2 0 1.115 0.8656 0.5524 0.3842 0.2247 2.34438e+14 1.89729e+14 1.23483e+14 8.26156e+13 4.15916e+13 3.94134 3.05975
0.250 CL181_H1 0 1.4543 1.144 0.7554 0.5408 0.3349 5.19399e+14 4.38664e+14 3.14646e+14 2.31006e+14 1.38096e+14 6.07599 4.77957
0.250 CL182_H1 0 1.7414 1.3644 0.8917 0.6336 0.3871 8.89467e+14 7.42265e+14 5.18062e+14 3.70914e+14 2.12087e+14 5.32947 4.17568
0.250 CL183_H1 0 1.3905 1.0831 0.7003 0.4915 0.2943 4.54413e+14 3.72464e+14 2.50543e+14 1.72628e+14 9.24348e+13 4.4594 3.47356
0.250 CL184_H1 0 1.6399 1.2571 0.7844 0.5292 0.2972 7.42962e+14 5.80955e+14 3.52355e+14 2.17509e+14 9.657e+13 3.04262 2.33238
0.250 CL184_H2 0 1.4224 1.1208 0.7409 0.5321 0.332 4.85322e+14 4.11471e+14 2.97018e+14 2.19833e+14 1.33666e+14 6.32597 4.98463
0.250 CL185_H1 0 1.2861 1.0019 0.6481 0.4538 0.2711 3.5975e+14 2.9481e+14 1.98282e+14 1.36199e+14 7.26242e+13 4.44147 3.46001
0.250 CL185_H2 0 1.2455 0.9758 0.6365 0.4538 0.2769 3.25976e+14 2.71861e+14 1.89195e+14 1.35767e+14 7.74129e+13 5.28686 4.14205
0.250 CL186_H1 0 1.5993 1.2629 0.8366 0.6046 0.3784 6.9036e+14 5.88702e+14 4.2942e+14 3.22306e+14 1.99356e+14 6.76571 5.3426
0.250 CL187_H1 0 1.6979 1.3267 0.8598 0.6075 0.3668 8.2505e+14 6.82023e+14 4.65363e+14 3.26551e+14 1.79887e+14 4.8194 3.76577
0.250 CL188_H1 0 1.1527 0.9004 0.5843 0.4103 0.2479 2.58993e+14 2.13882e+14 1.45906e+14 1.01582e+14 5.58439e+13 4.77233 3.72778
0.250 CL188_H2 0 1.0599 0.8337 0.5466 0.39 0.2421 2.00724e+14 1.68994e+14 1.19729e+14 8.70554e+13 5.16556e+13 5.80115 4.56309
0.250 CL189_H1 0 1.1324 0.8772 0.5582 0.3842 0.2247 2.45092e+14 1.97277e+14 1.27094e+14 8.3426e+13 4.15092e+13 3.77841 2.9269
0.250 CL189_H2 0 1.0773 0.8366 0.535 0.3726 0.2189 2.10874e+14 1.71231e+14 1.12359e+14 7.57092e+13 3.86756e+13 4.09246 3.17809
0.250 CL18_H1 0 1.5268 1.1904 0.7699 0.5408 0.3262 6.00368e+14 4.93877e+14 3.34186e+14 2.31633e+14 1.26176e+14 4.62585 3.60664
0.250 CL18_H2 0 1.4456 1.115 0.7003 0.4799 0.274 5.09573e+14 4.04558e+14 2.51933e+14 1.61396e+14 7.54572e+13 3.37172 2.60063
0.250 CL18_H3 0 1.1672 0.9178 0.6046 0.4306 0.2653 2.68543e+14 2.26116e+14 1.60978e+14 1.16969e+14 6.88877e+13 5.83168 4.58561
0.250 CL190_H1 0 1.3064 1.0193 0.6626 0.4654 0.2827 3.76127e+14 3.10449e+14 2.1226e+14 1.47932e+14 8.19809e+13 4.79744 3.74313
0.250 CL190_H2 0 1.2861 1.0048 0.6481 0.4567 0.274 3.59351e+14 2.95905e+14 1.99482e+14 1.38574e+14 7.48616e+13 4.58318 3.58073
0.250 CL191_H1 0 1.5413 1.1875 0.7467 0.5089 0.2914 6.18863e+14 4.89639e+14 3.03834e+14 1.92546e+14 8.98003e+13 3.2819 2.52855
0.250 CL192_H1 0 1.492 1.173 0.7728 0.5524 0.3407 5.60221e+14 4.72126e+14 3.36809e+14 2.46061e+14 1.4559e+14 5.91974 4.65406
0.250 CL193_H1 0 1.2281 0.97 0.6452 0.4654 0.2943 3.12051e+14 2.6674e+14 1.96099e+14 1.47585e+14 9.29483e+13 7.01695 5.54226
0.250 CL194_H1 0 1.7095 1.3354 0.8685 0.6133 0.3726 8.42231e+14 6.97355e+14 4.79135e+14 3.37225e+14 1.88233e+14 4.94064 3.85945
0.250 CL195_H1 0 1.231 0.9584 0.6162 0.4306 0.2566 3.15179e+14 2.57652e+14 1.71576e+14 1.17089e+14 6.18145e+13 4.33199 3.37269
0.250 CL196_H1 0 1.347 1.0628 0.7032 0.506 0.3146 4.12133e+14 3.50103e+14 2.53458e+14 1.88324e+14 1.14446e+14 6.42527 5.06962
0.250 CL196_H2 0 1.0396 0.8192 0.5379 0.3871 0.2392 1.89419e+14 1.60151e+14 1.143e+14 8.42831e+13 5.02447e+13 6.05944 4.77481
0.250 CL198_H1 0 1.2687 1.0019 0.6655 0.4799 0.303 3.45443e+14 2.94911e+14 2.16072e+14 1.62211e+14 1.01633e+14 6.88721 5.43887
0.250 CL198_H2 0 0.999 0.7728 0.4915 0.3407 0.1986 1.67963e+14 1.35153e+14 8.71567e+13 5.77714e+13 2.87054e+13 3.81976 2.95486
0.250 CL199_H1 0 1.3238 1.0483 0.6974 0.506 0.3204 3.92034e+14 3.36298e+14 2.48207e+14 1.88453e+14 1.19613e+14 7.22397 5.72057
0.250 CL199_H2 0 1.1179 0.883 0.5843 0.419 0.2624 2.36344e+14 2.01033e+14 1.45721e+14 1.08031e+14 6.62618e+13 6.47765 5.11653
0.250 CL19_H1 0 1.8313 1.4311 0.9265 0.651 0.3929 1.03577e+15 8.55091e+14 5.81273e+14 4.04387e+14 2.21554e+14 4.72966 3.69607
0.250 CL1_H1 0 2.0024 1.5529 0.9903 0.6858 0.4016 1.35458e+15 1.09477e+15 7.11239e+14 4.72963e+14 2.37965e+14 3.91993 3.03998
0.250 CL1_H3 0 1.2455 0.9642 0.6133 0.4248 0.2479 3.26442e+14 2.62672e+14 1.6921e+14 1.11943e+14 5.56189e+13 3.78926 2.93345
0.250 CL1_H4 0 1.086 0.8511 0.5524 0.39 0.2392 2.15909e+14 1.79544e+14 1.23604e+14 8.72541e+13 4.95222e+13 5.05954 3.96517
0.250 CL1_H5 0 1.028 0.8047 0.5234 0.3697 0.2247 1.83755e+14 1.52309e+14 1.04567e+14 7.3562e+13 4.10389e+13 4.90117 3.83655
0.250 CL200_H2 0 1.2513 0.9845 0.6481 0.4654 0.2885 3.31312e+14 2.79473e+14 1.99402e+14 1.46439e+14 8.73251e+13 5.95313 4.68381
0.250 CL201_H1 0 1.4282 1.115 0.7235 0.5118 0.3088 4.90964e+14 4.05891e+14 2.77677e+14 1.95375e+14 1.07785e+14 4.87109 3.80288
0.250 CL202_H1 0 1.5355 1.1933 0.7641 0.5321 0.3146 6.11361e+14 4.9683e+14 3.26596e+14 2.20165e+14 1.13542e+14 4.10133 3.18731
0.250 CL203_H1 0 1.7356 1.3586 0.8859 0.6278 0.3842 8.82187e+14 7.34273e+14 5.09457e+14 3.62392e+14 2.06382e+14 5.19038 4.06294
0.250 CL204_H1 0 1.0396 0.8105 0.5234 0.3668 0.2189 1.90006e+14 1.56045e+14 1.051e+14 7.24435e+13 3.87261e+13 4.52969 3.53147
0.250 CL205_H1 0 1.4427 1.1266 0.7322 0.5147 0.3117 5.07273e+14 4.19037e+14 2.86555e+14 1.99948e+14 1.10445e+14 4.80576 3.75281
0.250 CL205_H2 0 1.5065 1.1788 0.7699 0.5437 0.332 5.7638e+14 4.79317e+14 3.32669e+14 2.3557e+14 1.33532e+14 5.14925 4.02916
0.250 CL206_H1 0 1.4485 1.1237 0.7177 0.5002 0.2943 5.13068e+14 4.15391e+14 2.71096e+14 1.82135e+14 9.27298e+13 3.99123 3.09627
0.250 CL206_H2 0 0.9845 0.7699 0.5002 0.3523 0.2131 1.60714e+14 1.33235e+14 9.15338e+13 6.42852e+13 3.57017e+13 4.96558 3.88319
0.250 CL207_H1 0 1.6051 1.2658 0.8395 0.6046 0.3784 6.98948e+14 5.94353e+14 4.32292e+14 3.22324e+14 1.98207e+14 6.56663 5.17852
0.250 CL208_H1 0 1.8632 1.4398 0.912 0.6249 0.361 1.09006e+15 8.71352e+14 5.5329e+14 3.57965e+14 1.72647e+14 3.57425 2.76203
0.250 CL209_H1 0 1.5703 1.2223 0.7902 0.5524 0.3291 6.5366e+14 5.35059e+14 3.59297e+14 2.46112e+14 1.30529e+14 4.41585 3.43724
0.250 CL20_H1 0 1.4514 1.1411 0.7467 0.5321 0.3262 5.16314e+14 4.3324e+14 3.04576e+14 2.19938e+14 1.27437e+14 5.55128 4.36446
0.250 CL20_H2 0 1.2658 0.9758 0.6104 0.4161 0.2363 3.42742e+14 2.70785e+14 1.66432e+14 1.05086e+14 4.81534e+13 3.21035 2.47485
0.250 CL210_H1 0 1.4717 1.1498 0.7496 0.5292 0.3204 5.3732e+14 4.452e+14 3.06935e+14 2.16255e+14 1.20419e+14 4.97948 3.89033
0.250 CL211_H1 0 1.7269 1.3383 0.8511 0.5872 0.3407 8.69514e+14 6.99395e+14 4.49376e+14 2.95272e+14 1.44964e+14 3.73014 2.89075
0.250 CL212_H1 0 1.376 1.0657 0.6771 0.4683 0.274 4.39461e+14 3.53645e+14 2.27426e+14 1.50101e+14 7.47637e+13 3.77567 2.92422
0.250 CL213_H1 0 1.3325 1.0425 0.68 0.4828 0.2943 3.98744e+14 3.31832e+14 2.30401e+14 1.64286e+14 9.31965e+13 5.2089 4.07526
0.250 CL214_H1 0 1.4775 1.1672 0.7786 0.564 0.3581 5.43147e+14 4.65866e+14 3.45521e+14 2.62672e+14 1.67883e+14 7.4107 5.85432
0.250 CL214_H2 0 1.057 0.8366 0.5582 0.4045 0.2566 1.9957e+14 1.71409e+14 1.27202e+14 9.67698e+13 6.18293e+13 7.42051 5.87323
0.250 CL215_H1 0 1.2977 1.0048 0.6365 0.4393 0.2537 3.69182e+14 2.96231e+14 1.88904e+14 1.2375e+14 6.00589e+13 3.65829 2.83258
0.250 CL216_H1 0 1.3702 1.0396 0.6278 0.4132 0.2218 4.34762e+14 3.27574e+14 1.81216e+14 1.03041e+14 3.97652e+13 2.3203 1.76046
0.250 CL216_H2 0 1.3006 1.0193 0.6655 0.4712 0.2885 3.70304e+14 3.08898e+14 2.15151e+14 1.53296e+14 8.76747e+13 5.28437 4.14144
0.250 CL217_H1 0 1.318 1.0222 0.6539 0.4538 0.2653 3.86792e+14 3.12958e+14 2.04409e+14 1.3658e+14 6.88185e+13 3.97167 3.08031
0.250 CL218_H1 0 1.4862 1.1585 0.7496 0.5263 0.3175 5.53114e+14 4.55045e+14 3.08189e+14 2.1361e+14 1.16453e+14 4.64174 3.61825
0.250 CL219_H1 0 1.6283 1.2716 0.825 0.5814 0.3494 7.28755e+14 6.01721e+14 4.10403e+14 2.86843e+14 1.56715e+14 4.77415 3.72831
0.250 CL21_H1 0 1.7791 1.3847 0.8888 0.622 0.3697 9.49725e+14 7.75428e+14 5.14511e+14 3.51027e+14 1.84208e+14 4.27926 3.33062
0.250 CL220_H1 0 1.5268 1.1962 0.7844 0.5582 0.3407 6.00372e+14 5.01685e+14 3.52171e+14 2.53249e+14 1.453e+14 5.43467 4.25789
0.250 CL221_H1 0 1.3296 1.0425 0.68 0.4828 0.2943 3.95856e+14 3.30358e+14 2.29951e+14 1.64329e+14 9.35357e+13 5.29074 4.14831
0.250 CL221_H2 0 1.1295 0.8859 0.5814 0.4132 0.2537 2.42844e+14 2.03317e+14 1.43153e+14 1.03024e+14 5.97177e+13 5.51942 4.32904
0.250 CL222_H1 0 1.5819 1.2455 0.8221 0.5872 0.3668 6.67182e+14 5.64207e+14 4.05109e+14 2.97104e+14 1.79659e+14 6.13472 4.83014
0.250 CL223_H1 0 1.6515 1.2977 0.854 0.6104 0.3784 7.60158e+14 6.39975e+14 4.55521e+14 3.32339e+14 1.97436e+14 5.86589 4.60924
0.250 CL225_H1 0 1.7182 1.3383 0.8627 0.6046 0.361 8.5672e+14 7.01884e+14 4.70317e+14 3.23151e+14 1.72041e+14 4.43398 3.45362
0.250 CL225_H2 0 1.0918 0.8482 0.5437 0.3784 0.2247 2.19392e+14 1.78589e+14 1.17968e+14 7.97457e+13 4.15719e+13 4.2023 3.26469
0.250 CL226_H1 0 1.5094 1.1846 0.7728 0.5495 0.3378 5.80277e+14 4.85117e+14 3.38445e+14 2.42702e+14 1.40036e+14 5.36788 4.21279
0.250 CL227_H1 0 1.4514 1.1527 0.7728 0.564 0.3639 5.15331e+14 4.47105e+14 3.38382e+14 2.62935e+14 1.75215e+14 8.52056 6.76701
0.250 CL227_H2 0 1.0425 0.8192 0.5408 0.3871 0.2392 1.9134e+14 1.61231e+14 1.1527e+14 8.43789e+13 5.00957e+13 5.94092 4.66839
0.250 CL228_H1 0 1.3586 1.0715 0.709 0.5118 0.3204 4.22261e+14 3.59169e+14 2.60842e+14 1.94941e+14 1.19982e+14 6.58862 5.19631
0.250 CL228_H2 0 1.0889 0.8598 0.5756 0.4161 0.2653 2.17404e+14 1.86449e+14 1.38728e+14 1.05343e+14 6.76795e+13 7.43652 5.87191
0.250 CL229_H1 0 1.5819 1.2223 0.7728 0.5292 0.3059 6.69169e+14 5.33592e+14 3.36589e+14 2.16677e+14 1.03956e+14 3.47796 2.68734
0.250 CL22_H1 0 1.5268 1.1933 0.7757 0.5466 0.332 6.01008e+14 4.9739e+14 3.41014e+14 2.3909e+14 1.33054e+14 4.88137 3.81513
0.250 CL22_H2 0 1.1788 0.9236 0.6046 0.4306 0.2624 2.75845e+14 2.30502e+14 1.61541e+14 1.1623e+14 6.65383e+13 5.43138 4.25553
0.250 CL230_H1 0 1.4543 1.1353 0.738 0.5176 0.3146 5.18767e+14 4.28319e+14 2.92807e+14 2.03718e+14 1.12932e+14 4.79037 3.73961
0.250 CL231_H1 0 1.2571 0.9671 0.6075 0.4132 0.2363 3.35174e+14 2.64518e+14 1.63562e+14 1.0316e+14 4.78555e+13 3.24129 2.49356
0.250 CL231_H2 0 1.1179 0.8801 0.5814 0.419 0.2595 2.3544e+14 1.99463e+14 1.43849e+14 1.06784e+14 6.43791e+13 6.31407 4.97094
0.250 CL231_H3 0 1.0773 0.8337 0.5292 0.3668 0.2131 2.10383e+14 1.69124e+14 1.08569e+14 7.17835e+13 3.53757e+13 3.76062 2.91026
0.250 CL232_H1 0 1.1469 0.9091 0.6075 0.4393 0.2798 2.54848e+14 2.1941e+14 1.63495e+14 1.24495e+14 8.02077e+13 7.59808 6.02268
0.250 CL232_H2 0 1.0512 0.8366 0.5611 0.4103 0.2624 1.96318e+14 1.70479e+14 1.28976e+14 1.0033e+14 6.62266e+13 8.45104 6.72578
0.250 CL233_H1 0 1.5065 1.1701 0.7467 0.5176 0.303 5.77255e+14 4.67543e+14 3.04534e+14 2.03088e+14 1.02408e+14 3.9595 3.07535
0.250 CL234_H1 0 1.5558 1.2194 0.7989 0.5698 0.3494 6.34322e+14 5.30784e+14 3.73097e+14 2.69406e+14 1.55945e+14 5.51857 4.32533
0.250 CL235_H1 0 1.2223 0.9642 0.6423 0.4625 0.2914 3.07555e+14 2.62452e+14 1.92845e+14 1.44694e+14 9.05362e+13 6.92466 5.46246
0.250 CL236_H1 0 1.1991 0.9468 0.6307 0.4567 0.2885 2.90257e+14 2.48715e+14 1.84017e+14 1.39661e+14 8.85844e+13 7.33157 5.78895
0.250 CL237_H1 0 1.2571 0.9845 0.6423 0.4538 0.2769 3.34543e+14 2.78632e+14 1.93536e+14 1.37317e+14 7.79446e+13 5.21071 4.08078
0.250 CL238_H1 0 1.7298 1.3499 0.8743 0.6133 0.3697 8.73592e+14 7.19456e+14 4.87936e+14 3.38029e+14 1.84202e+14 4.64965 3.62849
0.250 CL239_H1 0 1.2919 1.0135 0.6655 0.477 0.2943 3.63208e+14 3.05056e+14 2.16165e+14 1.57757e+14 9.28828e+13 5.76543 4.523
0.250 CL239_H2 0 1.1556 0.9062 0.5959 0.4248 0.2624 2.60296e+14 2.18179e+14 1.54275e+14 1.11652e+14 6.54752e+13 5.62319 4.4096
0.250 CL23_H1 0 1.463 1.1324 0.7206 0.5002 0.2914 5.27881e+14 4.2502e+14 2.74312e+14 1.82179e+14 9.05093e+13 3.82341 2.95942
0.250 CL23_H2 0 1.1614 0.9091 0.593 0.4219 0.2566 2.64034e+14 2.19912e+14 1.52837e+14 1.09306e+14 6.19375e+13 5.24083 4.10233
0.250 CL23_H3 0 1.0483 0.8279 0.5495 0.3958 0.2479 1.93984e+14 1.65427e+14 1.20856e+14 9.04415e+13 5.59685e+13 6.76174 5.34012
0.250 CL240_H1 0 1.7182 1.3354 0.8569 0.5988 0.3552 8.55238e+14 6.96545e+14 4.60775e+14 3.13086e+14 1.63228e+14 4.21099 3.27281
0.250 CL241_H1 0 1.5181 1.1904 0.7757 0.5524 0.3378 5.90625e+14 4.92744e+14 3.42409e+14 2.45268e+14 1.40066e+14 5.26194 4.12608
0.250 CL242_H1 0 1.2368 0.9584 0.6133 0.4248 0.2479 3.18485e+14 2.57284e+14 1.67815e+14 1.11709e+14 5.6004e+13 3.9321 3.047
0.250 CL243_H1 0 1.4021 1.1034 0.7293 0.5234 0.3262 4.64349e+14 3.93493e+14 2.84199e+14 2.10326e+14 1.27819e+14 6.36754 5.01101
0.250 CL244_H1 0 1.3441 1.0599 0.7003 0.5002 0.3117 4.09574e+14 3.47083e+14 2.49951e+14 1.83684e+14 1.11106e+14 6.22603 4.90958
0.250 CL245_H1 0 1.3064 1.0106 0.6394 0.4393 0.2537 3.76425e+14 3.01216e+14 1.91095e+14 1.2406e+14 5.98521e+13 3.57792 2.7678
0.250 CL245_H2 0 1.0744 0.8424 0.5524 0.3929 0.2421 2.08735e+14 1.74725e+14 1.22939e+14 8.85442e+13 5.15513e+13 5.52385 4.33106
0.250 CL246_H1 0 1.7095 1.3296 0.8511 0.593 0.3494 8.43741e+14 6.85976e+14 4.50609e+14 3.03836e+14 1.55888e+14 4.08794 3.17948
0.250 CL247_H1 0 1.7501 1.3702 0.8917 0.6307 0.3842 9.03083e+14 7.51182e+14 5.19441e+14 3.68155e+14 2.07887e+14 5.13391 4.01948
0.250 CL248_H1 0 1.0512 0.825 0.5408 0.3871 0.2392 1.95612e+14 1.6414e+14 1.15858e+14 8.42436e+13 4.95021e+13 5.66202 4.44365
0.250 CL249_H1 0 1.2107 0.9236 0.5698 0.3813 0.2102 2.99516e+14 2.30519e+14 1.34982e+14 8.07864e+13 3.3866e+13 2.71002 2.06738
0.250 CL24_H1 0 1.9357 1.5326 1.0222 0.7409 0.4712 1.22304e+15 1.05102e+15 7.80222e+14 5.94e+14 3.80896e+14 7.45906 5.90575
0.250 CL24_H2 0 1.289 1.0106 0.6568 0.4625 0.2798 3.62072e+14 3.00774e+14 2.0677e+14 1.45235e+14 8.07127e+13 4.96466 3.89239
0.250 CL250_H1 0 1.6109 1.2658 0.8308 0.593 0.3668 7.05521e+14 5.93404e+14 4.20584e+14 3.05807e+14 1.80594e+14 5.78264 4.54384
0.250 CL251_H1 0 1.4369 1.0889 0.6626 0.4364 0.2363 4.99822e+14 3.77475e+14 2.1223e+14 1.21581e+14 4.7991e+13 2.40373 1.82158
0.250 CL252_H1 0 1.3644 1.0686 0.6945 0.4915 0.3001 4.28566e+14 3.56194e+14 2.4549e+14 1.73745e+14 9.81078e+13 5.05774 3.96123
0.250 CL253_H1 0 1.4485 1.1382 0.7496 0.535 0.332 5.12048e+14 4.31204e+14 3.07279e+14 2.2398e+14 1.33298e+14 5.88804 4.6267
0.250 CL254_H1 0 1.4369 1.0802 0.6481 0.419 0.2218 5.00517e+14 3.69344e+14 1.98274e+14 1.07847e+14 3.96103e+13 2.09592 1.57563
0.250 CL255_H1 0 1.3673 1.0367 0.6278 0.4132 0.2218 4.31864e+14 3.25222e+14 1.80602e+14 1.02758e+14 3.96893e+13 2.32506 1.76288
0.250 CL256_H1 0 1.5993 1.26 0.8279 0.593 0.3668 6.90809e+14 5.83243e+14 4.15436e+14 3.04243e+14 1.80808e+14 5.94314 4.68227
0.250 CL257_H1 0 1.5935 1.2426 0.8047 0.564 0.3378 6.83007e+14 5.61289e+14 3.79441e+14 2.61892e+14 1.40918e+14 4.55725 3.55371
0.250 CL258_H1 0 1.231 0.9642 0.6307 0.448 0.274 3.14575e+14 2.6237e+14 1.83148e+14 1.31021e+14 7.49573e+13 5.30622 4.15618
0.250 CL259_H1 0 1.3818 1.086 0.7148 0.5118 0.3146 4.45824e+14 3.75216e+14 2.66865e+14 1.94884e+14 1.14517e+14 5.82431 4.57751
0.250 CL259_H2 0 1.0454 0.8163 0.5292 0.3726 0.2247 1.92482e+14 1.58909e+14 1.08293e+14 7.55992e+13 4.14692e+13 4.77142 3.72576
0.250 CL259_H3 0 1.0367 0.8221 0.5495 0.3958 0.2537 1.88417e+14 1.62097e+14 1.20571e+14 9.13208e+13 5.9031e+13 7.46466 5.91946
0.250 CL25_H1 0 1.2948 1.0135 0.6626 0.4712 0.2885 3.65478e+14 3.04906e+14 2.13043e+14 1.52775e+14 8.76993e+13 5.36489 4.19935
0.250 CL25_H2 0 1.1585 0.9091 0.5988 0.4277 0.2653 2.62143e+14 2.20352e+14 1.56764e+14 1.14173e+14 6.77592e+13 5.81702 4.56474
0.250 CL260_H1 0 1.2571 0.9874 0.6481 0.4596 0.2827 3.34544e+14 2.80689e+14 1.98092e+14 1.42533e+14 8.30199e+13 5.60225 4.40034
0.250 CL261_H1 0 1.7037 1.3383 0.8801 0.6278 0.3871 8.3484e+14 7.01463e+14 4.97253e+14 3.60904e+14 2.11926e+14 5.717 4.49085
0.250 CL262_H1 0 1.5239 1.202 0.7989 0.5756 0.361 5.965e+14 5.08355e+14 3.71922e+14 2.78516e+14 1.72737e+14 6.78676 5.35317
0.250 CL263_H1 0 1.6196 1.2629 0.8163 0.5727 0.3436 7.16371e+14 5.88945e+14 3.9774e+14 2.74963e+14 1.48423e+14 4.58341 3.57397
0.250 CL264_H1 0 1.7269 1.347 0.8685 0.6104 0.3668 8.67808e+14 7.13302e+14 4.80139e+14 3.32215e+14 1.79471e+14 4.55559 3.55341
0.250 CL265_H1 0 1.3006 1.0135 0.6539 0.4596 0.274 3.70726e+14 3.04108e+14 2.04317e+14 1.41079e+14 7.51885e+13 4.48449 3.49456
0.250 CL266_H1 0 1.8168 1.4108 0.9062 0.6307 0.3726 1.01161e+15 8.2246e+14 5.4349e+14 3.66956e+14 1.89635e+14 4.15851 3.22921
0.250 CL267_H1 0 1.3876 1.0947 0.7235 0.5205 0.3262 4.51675e+14 3.83479e+14 2.77093e+14 2.05642e+14 1.2591e+14 6.37766 5.03144
0.250 CL267_H2 0 1.1208 0.8801 0.5785 0.4132 0.2537 2.37995e+14 1.99747e+14 1.41293e+14 1.02522e+14 5.97639e+13 5.64615 4.4336
0.250 CL268_H1 0 1.5471 1.1933 0.7496 0.5118 0.2914 6.25378e+14 4.95687e+14 3.07753e+14 1.95721e+14 9.07169e+13 3.30973 2.55284
0.250 CL269_H1 0 1.5558 1.2078 0.7728 0.5379 0.3175 6.35481e+14 5.15446e+14 3.37858e+14 2.27189e+14 1.16557e+14 4.05127 3.14508
0.250 CL26_H1 0 1.9241 1.5239 1.0164 0.738 0.4712 1.20008e+15 1.03321e+15 7.69545e+14 5.88559e+14 3.80857e+14 7.67283 6.07693
0.250 CL270_H1 0 1.5471 1.2223 0.8105 0.5814 0.3668 6.25959e+14 5.33198e+14 3.88149e+14 2.88581e+14 1.79185e+14 6.60883 5.22136
0.250 CL271_H1 0 1.5065 1.1875 0.7844 0.564 0.3523 5.77278e+14 4.89593e+14 3.53241e+14 2.61757e+14 1.59411e+14 6.33185 4.99109
0.250 CL272_H1 0 1.4717 1.1527 0.7525 0.5321 0.3233 5.38419e+14 4.47757e+14 3.10215e+14 2.19693e+14 1.23556e+14 5.09576 3.99122
0.250 CL273_H1 0 1.3963 1.0686 0.6626 0.4451 0.2479 4.59585e+14 3.56795e+14 2.12494e+14 1.29106e+14 5.57707e+13 2.86788 2.19481
0.250 CL273_H2 0 1.1556 0.9091 0.593 0.4219 0.2595 2.61048e+14 2.18903e+14 1.53119e+14 1.10133e+14 6.38251e+13 5.46107 4.29617
0.250 CL274_H1 0 1.7414 1.347 0.8569 0.593 0.3465 8.90796e+14 7.16044e+14 4.61003e+14 3.04477e+14 1.51394e+14 3.77593 2.92074
0.250 CL275_H1 0 1.3151 1.0309 0.6713 0.477 0.2914 3.83525e+14 3.19846e+14 2.22054e+14 1.58635e+14 9.03949e+13 5.2524 4.11733
0.250 CL276_H1 0 1.5935 1.2397 0.796 0.5553 0.3291 6.8208e+14 5.56148e+14 3.68406e+14 2.50017e+14 1.30283e+14 4.22654 3.28814
0.250 CL277_H1 0 1.3586 1.0599 0.6887 0.4857 0.2943 4.2248e+14 3.48961e+14 2.38872e+14 1.67442e+14 9.27574e+13 4.85045 3.78403
0.250 CL277_H2 0 1.115 0.8801 0.5814 0.4161 0.2595 2.34121e+14 1.98553e+14 1.43e+14 1.05312e+14 6.38009e+13 6.23156 4.91874
0.250 CL278_H1 0 1.4427 1.1353 0.7467 0.5321 0.3291 5.06056e+14 4.26636e+14 3.03746e+14 2.21075e+14 1.31029e+14 5.89064 4.6355
0.250 CL279_H1 0 1.6283 1.2745 0.8337 0.5901 0.361 7.27547e+14 6.05871e+14 4.22077e+14 3.00278e+14 1.71254e+14 5.23241 4.0955
0.250 CL27_H1 0 2.0894 1.6254 1.0454 0.7293 0.4335 1.53681e+15 1.25517e+15 8.35649e+14 5.6893e+14 2.99039e+14 4.31943 3.3602
0.250 CL280_H1 0 1.1179 0.8801 0.5756 0.4103 0.2537 2.36407e+14 1.9872e+14 1.39864e+14 1.01169e+14 5.9358e+13 5.6104 4.41695
0.250 CL280_H2 0 1.1121 0.8685 0.564 0.3958 0.2392 2.3207e+14 1.91687e+14 1.30945e+14 9.11705e+13 5.01841e+13 4.79624 3.74565
0.250 CL281_H1 0 1.2542 0.9816 0.6394 0.4538 0.2769 3.3202e+14 2.76082e+14 1.91047e+14 1.35894e+14 7.69437e+13 5.1303 4.01523
0.250 CL282_H1 0 1.3006 1.0164 0.6568 0.4625 0.2798 3.71179e+14 3.0632e+14 2.07702e+14 1.44709e+14 7.94538e+13 4.7057 3.67744
0.250 CL28_H1 0 2.1648 1.6602 1.0338 0.6974 0.39 1.7138e+15 1.33745e+15 8.05628e+14 4.95209e+14 2.17217e+14 2.96548 2.27424
0.250 CL29_H1 0 1.9763 1.5413 0.9961 0.6974 0.419 1.30411e+15 1.07123e+15 7.21962e+14 4.97104e+14 2.68037e+14 4.5247 3.52878
0.250 CL2_H1 0 1.3006 1.0222 0.6684 0.4741 0.2914 3.72073e+14 3.11619e+14 2.18208e+14 1.56347e+14 9.03814e+13 5.42176 4.26121
0.250 CL2_H2 0 1.2513 0.97 0.6162 0.4277 0.2508 3.29872e+14 2.66039e+14 1.71548e+14 1.1398e+14 5.71891e+13 3.8386 2.97566
0.250 CL2_H3 0 1.1527 0.9033 0.5901 0.419 0.2566 2.58925e+14 2.15992e+14 1.50544e+14 1.07604e+14 6.16129e+13 5.29101 4.14624
0.250 CL2_H4 0 1.1411 0.8801 0.5582 0.3813 0.2218 2.50824e+14 1.99841e+14 1.26662e+14 8.14209e+13 3.94884e+13 3.51211 2.7088
0.250 CL30_H1 0 1.1643 0.9236 0.6191 0.4509 0.2885 2.66075e+14 2.30411e+14 1.73943e+14 1.34628e+14 8.8624e+13 8.34576 6.62041
0.250 CL30_H2 0 1.0773 0.8366 0.5379 0.3755 0.2218 2.10915e+14 1.7164e+14 1.13732e+14 7.71858e+13 4.00021e+13 4.20523 3.26566
0.250 CL31_H1 0 2.0517 1.6138 1.0599 0.7554 0.4654 1.4592e+15 1.22677e+15 8.68025e+14 6.28966e+14 3.68478e+14 5.68003 4.46772
0.250 CL31_H2 0 1.0947 0.8656 0.5756 0.4161 0.2624 2.21361e+14 1.89431e+14 1.39349e+14 1.05161e+14 6.61295e+13 7.0578 5.58074
0.250 CL32_H1 0 1.6399 1.289 0.8482 0.6075 0.3755 7.42639e+14 6.25817e+14 4.46048e+14 3.26509e+14 1.93754e+14 5.92796 4.65952
0.250 CL33_H1 0 1.2252 0.9671 0.6423 0.4654 0.2943 3.09968e+14 2.64788e+14 1.94331e+14 1.46777e+14 9.24245e+13 6.99347 5.52023
0.250 CL33_H2 0 1.0947 0.8598 0.564 0.4016 0.2479 2.2111e+14 1.85627e+14 1.31097e+14 9.48221e+13 5.55968e+13 5.65494 4.44151
0.250 CL34_H1 0 1.9067 1.492 0.97 0.6858 0.4132 1.17123e+15 9.70822e+14 6.66595e+14 4.69621e+14 2.59323e+14 4.92166 3.85122
0.250 CL35_H1 0 1.463 1.1614 0.7786 0.5698 0.3639 5.28088e+14 4.57765e+14 3.46004e+14 2.69184e+14 1.77295e+14 8.42659 6.68944
0.250 CL36_H1 0 1.9415 1.5239 1.0019 0.7148 0.4393 1.23443e+15 1.03632e+15 7.33987e+14 5.32489e+14 3.11177e+14 5.69415 4.46939
0.250 CL37_H1 0 1.5239 1.1933 0.7786 0.5495 0.3349 5.96396e+14 4.96073e+14 3.43776e+14 2.43111e+14 1.37325e+14 5.12358 4.01205
0.250 CL37_H2 0 1.1208 0.8859 0.5901 0.4248 0.2682 2.379e+14 2.03342e+14 1.49507e+14 1.12219e+14 7.0441e+13 6.95065 5.49392
0.250 CL38_H1 0 1.6022 1.2629 0.8366 0.6017 0.3755 6.94779e+14 5.89698e+14 4.27169e+14 3.1717e+14 1.93479e+14 6.41029 5.05277
0.250 CL38_H2 0 1.2107 0.9526 0.6278 0.448 0.2769 2.99869e+14 2.52871e+14 1.80474e+14 1.31651e+14 7.80887e+13 5.92192 4.65947
0.250 CL39_H1 0 1.4717 1.1556 0.7583 0.5379 0.332 5.38743e+14 4.51331e+14 3.17631e+14 2.28072e+14 1.32931e+14 5.49934 4.31816
0.250 CL3_H1 0 1.231 0.9671 0.6365 0.4567 0.2827 3.14237e+14 2.6498e+14 1.89268e+14 1.39041e+14 8.29062e+13 6.02091 4.73016
0.250 CL3_H2 0 1.2107 0.9526 0.6307 0.4509 0.2827 2.98985e+14 2.53091e+14 1.8272e+14 1.34521e+14 8.20693e+13 6.27624 4.93826
0.250 CL40_H1 0 1.6167 1.2687 0.8308 0.5901 0.361 7.14067e+14 5.9687e+14 4.17769e+14 2.99336e+14 1.71729e+14 5.3607 4.20679
0.250 CL41_H1 0 1.8777 1.4688 0.9555 0.6742 0.4074 1.11561e+15 9.25049e+14 6.36299e+14 4.47831e+14 2.48545e+14 4.96465 3.88352
0.250 CL41_H2 0 1.3064 1.0164 0.651 0.4538 0.2682 3.76596e+14 3.0629e+14 2.01365e+14 1.3589e+14 7.00465e+13 4.09253 3.18405
0.250 CL42_H1 0 1.7791 1.3702 0.8656 0.593 0.3407 9.49625e+14 7.53608e+14 4.73073e+14 3.03623e+14 1.43692e+14 3.40852 2.62513
0.250 CL42_H2 0 1.2571 0.9903 0.651 0.4683 0.2914 3.34486e+14 2.82999e+14 2.02539e+14 1.49542e+14 9.01063e+13 6.14406 4.84008
0.250 CL42_H4 0 1.0918 0.8424 0.5321 0.3639 0.2073 2.20181e+14 1.74909e+14 1.09672e+14 7.0175e+13 3.27491e+13 3.38219 2.60959
0.250 CL43_H1 0 1.6544 1.3006 0.8569 0.6133 0.3784 7.63931e+14 6.43781e+14 4.59288e+14 3.35973e+14 1.98927e+14 5.92067 4.65451
0.250 CL43_H2 0 1.4021 1.0976 0.7148 0.506 0.3088 4.65245e+14 3.86953e+14 2.67752e+14 1.89953e+14 1.07537e+14 5.13445 4.01938
0.250 CL44_H1 0 1.3586 1.0541 0.6742 0.4683 0.2769 4.22731e+14 3.42787e+14 2.24675e+14 1.50753e+14 7.75223e+13 4.0624 3.1519
0.250 CL44_H2 0 1.3383 1.0396 0.6655 0.4625 0.274 4.04237e+14 3.28192e+14 2.15416e+14 1.44715e+14 7.4686e+13 4.07146 3.16273
0.250 CL45_H1 0 1.0251 0.8047 0.5292 0.3784 0.2334 1.81565e+14 1.52823e+14 1.08804e+14 7.94679e+13 4.69835e+13 5.90986 4.63922
0.250 CL45_H2 0 1.0918 0.8569 0.5611 0.3987 0.245 2.19131e+14 1.83497e+14 1.28863e+14 9.26499e+13 5.36928e+13 5.4932 4.31134
0.250 CL46_H1 0 1.4253 1.115 0.7235 0.5118 0.3088 4.88631e+14 4.04882e+14 2.77415e+14 1.95457e+14 1.08053e+14 4.91317 3.84353
0.250 CL46_H2 0 1.3644 1.0686 0.7003 0.4973 0.303 4.27548e+14 3.5696e+14 2.50133e+14 1.7927e+14 1.0241e+14 5.38846 4.22025
0.250 CL47_H1 0 1.9415 1.5181 0.9874 0.6974 0.4248 1.23276e+15 1.02259e+15 7.04221e+14 4.96743e+14 2.79029e+14 5.01313 3.91987
0.250 CL48_H1 0 1.5674 1.2107 0.7699 0.5292 0.3088 6.48776e+14 5.19573e+14 3.3273e+14 2.17028e+14 1.06894e+14 3.66919 2.83417
0.250 CL49_H1 0 1.4978 1.1672 0.7525 0.5263 0.3146 5.67602e+14 4.65285e+14 3.11939e+14 2.13922e+14 1.14073e+14 4.44339 3.46263
0.250 CL49_H2 0 1.0454 0.8221 0.5408 0.3871 0.2392 1.92423e+14 1.62315e+14 1.15811e+14 8.48213e+13 5.04009e+13 5.9851 4.70667
0.250 CL4_H1 0 1.724 1.3325 0.8482 0.5843 0.3407 8.63837e+14 6.92888e+14 4.4509e+14 2.91644e+14 1.43947e+14 3.71229 2.86928
0.250 CL4_H2 0 1.1585 0.9149 0.6075 0.4393 0.2769 2.62819e+14 2.24474e+14 1.64557e+14 1.23949e+14 7.76406e+13 6.93522 5.47693
0.250 CL4_H3 0 1.1701 0.9294 0.6249 0.4567 0.2943 2.70045e+14 2.34481e+14 1.78108e+14 1.38784e+14 9.26197e+13 8.63568 6.85924
0.250 CL4_H4 0 1.1034 0.8685 0.5698 0.4074 0.2508 2.26895e+14 1.90949e+14 1.35129e+14 9.8314e+13 5.76519e+13 5.72249 4.50425
0.250 CL50_H2 0 1.6892 1.3209 0.8569 0.6017 0.3639 8.13835e+14 6.72673e+14 4.58815e+14 3.19453e+14 1.75864e+14 4.77236 3.73183
0.250 CL51_H1 0 1.4311 1.1063 0.7003 0.4828 0.2798 4.95115e+14 3.96267e+14 2.51903e+14 1.64446e+14 7.99424e+13 3.61212 2.79232
0.250 CL51_H2 0 1.3876 1.0918 0.7177 0.5147 0.3175 4.51593e+14 3.80619e+14 2.70759e+14 1.98246e+14 1.172e+14 5.87563 4.6231
0.250 CL51_H3 0 1.3586 1.0483 0.6626 0.4538 0.2624 4.22683e+14 3.36732e+14 2.1244e+14 1.36828e+14 6.57108e+13 3.49209 2.69451
0.250 CL52_H1 0 1.8226 1.4253 0.9294 0.6568 0.3987 1.02029e+15 8.47294e+14 5.86073e+14 4.14528e+14 2.32611e+14 5.08378 3.97559
0.250 CL53_H1 0 1.6341 1.2919 0.8627 0.6249 0.3987 7.35096e+14 6.31441e+14 4.69654e+14 3.57717e+14 2.305e+14 7.53284 5.95538
0.250 CL53_H2 0 1.3122 1.0367 0.6887 0.4973 0.3146 3.80902e+14 3.25828e+14 2.39557e+14 1.80621e+14 1.13976e+14 7.07943 5.59308
0.250 CL54_H1 0 1.2745 1.0077 0.6713 0.4857 0.3059 3.49468e+14 2.99252e+14 2.20755e+14 1.66965e+14 1.05097e+14 7.13886 5.64443
0.250 CL54_H2 0 1.2223 0.9613 0.6336 0.4509 0.2798 3.07898e+14 2.59462e+14 1.85054e+14 1.34532e+14 8.00486e+13 5.89029 4.63253
0.250 CL55_H1 0 1.4195 1.1092 0.7235 0.5089 0.3088 4.8269e+14 3.99992e+14 2.75911e+14 1.93652e+14 1.08078e+14 4.98006 3.89142
0.250 CL55_H2 0 1.2426 0.97 0.6249 0.4393 0.2624 3.24548e+14 2.66442e+14 1.78565e+14 1.23189e+14 6.57141e+13 4.44646 3.471
0.250 CL56_H1 0 1.6573 1.3064 0.8627 0.6191 0.3871 7.67297e+14 6.50635e+14 4.69145e+14 3.46865e+14 2.11286e+14 6.31295 4.97631
0.250 CL56_H2 0 1.2107 0.9613 0.6452 0.4683 0.3001 2.99745e+14 2.59575e+14 1.95945e+14 1.51085e+14 9.94319e+13 8.2587 6.55743
0.250 CL57_H1 0 1.6631 1.2919 0.825 0.5727 0.3349 7.77608e+14 6.29434e+14 4.09704e+14 2.73381e+14 1.37467e+14 3.92464 3.04867
0.250 CL58_H1 0 1.956 1.5268 0.9874 0.6945 0.419 1.26358e+15 1.04099e+15 7.05193e+14 4.9002e+14 2.67486e+14 4.65793 3.63585
0.250 CL59_H1 0 1.4282 1.1266 0.7496 0.5408 0.3436 4.90397e+14 4.19014e+14 3.08366e+14 2.32288e+14 1.47224e+14 7.07187 5.57847
0.250 CL59_H2 0 1.0396 0.8105 0.5205 0.3639 0.216 1.90059e+14 1.55494e+14 1.03374e+14 7.05428e+13 3.70172e+13 4.31208 3.36182
0.250 CL5_H1 0 1.9531 1.5355 1.0106 0.7206 0.4451 1.25797e+15 1.05869e+15 7.52538e+14 5.47017e+14 3.22806e+14 5.79949 4.55948
0.250 CL5_H2 0 1.1846 0.9381 0.622 0.448 0.2827 2.81268e+14 2.4058e+14 1.76043e+14 1.32015e+14 8.26458e+13 6.88053 5.44878
0.250 CL60_H1 0 1.5732 1.2339 0.8076 0.5756 0.3523 6.5755e+14 5.49898e+14 3.85371e+14 2.77513e+14 1.59762e+14 5.43043 4.25922
0.250 CL60_H2 0 1.057 0.8308 0.5437 0.39 0.2392 1.98884e+14 1.67218e+14 1.1808e+14 8.61705e+13 5.03194e+13 5.73357 4.50657
0.250 CL61_H1 0 1.2861 1.0135 0.6713 0.4828 0.303 3.5941e+14 3.0531e+14 2.21575e+14 1.64804e+14 1.01453e+14 6.51335 5.13279
0.250 CL61_H2 0 1.1788 0.9207 0.6017 0.4248 0.2595 2.75944e+14 2.28899e+14 1.58588e+14 1.12039e+14 6.33464e+13 5.07417 3.96317
0.250 CL61_H3 0 1.2948 1.0019 0.6336 0.4364 0.2537 3.66636e+14 2.93558e+14 1.86278e+14 1.21368e+14 5.91861e+13 3.59244 2.77978
0.250 CL62_H1 0 1.2745 1.0077 0.6713 0.4857 0.3059 3.49473e+14 2.99426e+14 2.21132e+14 1.6742e+14 1.05553e+14 7.20663 5.69802
0.250 CL63_H1 0 1.6341 1.2687 0.8134 0.564 0.3349 7.35778e+14 5.97235e+14 3.9278e+14 2.63318e+14 1.3637e+14 4.08398 3.17077
0.250 CL64_H1 0 1.6834 1.3035 0.8308 0.5756 0.3349 8.05651e+14 6.48609e+14 4.18994e+14 2.77515e+14 1.37486e+14 3.80379 2.94537
0.250 CL65_H1 0 1.1498 0.9004 0.5872 0.4161 0.2537 2.5686e+14 2.13674e+14 1.48028e+14 1.05138e+14 5.94701e+13 5.12841 4.01602
0.250 CL66_H1 0 1.9763 1.521 0.9555 0.651 0.3726 1.30106e+15 1.02897e+15 6.38468e+14 4.04738e+14 1.88814e+14 3.30448 2.54319
0.250 CL67_H1 0 1.7617 1.3934 0.9265 0.6713 0.4248 9.20962e+14 7.89553e+14 5.82665e+14 4.41931e+14 2.80337e+14 7.25087 5.73501
0.250 CL68_H1 0 1.3847 1.0831 0.7061 0.5002 0.3059 4.47673e+14 3.72101e+14 2.57701e+14 1.82969e+14 1.03873e+14 5.13478 4.01638
0.250 CL68_H2 0 1.376 1.0773 0.7003 0.4944 0.3001 4.40234e+14 3.65483e+14 2.51512e+14 1.77283e+14 9.91013e+13 4.99996 3.91458
0.250 CL69_H1 0 1.8342 1.4195 0.9033 0.622 0.361 1.04241e+15 8.36931e+14 5.37358e+14 3.51863e+14 1.72475e+14 3.70397 2.86653
0.250 CL6_H1 0 1.9067 1.4949 0.9787 0.6974 0.4277 1.16856e+15 9.77929e+14 6.86808e+14 4.95324e+14 2.86588e+14 5.50783 4.31827
0.250 CL6_H2 0 1.4485 1.1411 0.7525 0.5408 0.3378 5.13942e+14 4.35128e+14 3.12676e+14 2.31001e+14 1.40114e+14 6.20704 4.88979
0.250 CL6_H3 0 1.0918 0.8482 0.5437 0.3784 0.2247 2.19035e+14 1.78357e+14 1.17889e+14 7.97369e+13 4.16011e+13 4.21939 3.27797
0.250 CL70_H1 0 1.8226 1.4311 0.9381 0.6655 0.4103 1.02055e+15 8.55128e+14 6.01482e+14 4.3203e+14 2.51561e+14 5.51568 4.33089
0.250 CL71_H1 0 1.5848 1.231 0.7873 0.5466 0.3233 6.72841e+14 5.45897e+14 3.57539e+14 2.39628e+14 1.2316e+14 4.04062 3.13857
0.250 CL72_H1 0 1.1991 0.9352 0.6046 0.4219 0.2537 2.91271e+14 2.39074e+14 1.6093e+14 1.10251e+14 5.9361e+13 4.47825 3.49267
0.250 CL73_H1 0 1.7385 1.3528 0.8714 0.6104 0.3639 8.85366e+14 7.24346e+14 4.84394e+14 3.32236e+14 1.76181e+14 4.40138 3.4249
0.250 CL73_H3 0 1.1933 0.9381 0.6191 0.4422 0.274 2.86236e+14 2.41655e+14 1.7327e+14 1.26926e+14 7.58999e+13 6.08466 4.78339
0.250 CL73_H4 0 1.0976 0.8685 0.5814 0.4219 0.2682 2.23731e+14 1.92233e+14 1.43183e+14 1.09208e+14 7.00932e+13 7.49123 5.9276
0.250 CL74_H1 0 1.7704 1.3847 0.8975 0.6307 0.3813 9.38004e+14 7.75426e+14 5.28451e+14 3.68206e+14 2.02602e+14 4.77105 3.73163
0.250 CL75_H1 0 1.2165 0.9497 0.6162 0.4335 0.2624 3.03389e+14 2.50521e+14 1.70983e+14 1.19345e+14 6.58402e+13 4.79549 3.74375
0.250 CL75_H2 0 1.2339 0.97 0.6423 0.4596 0.2856 3.16411e+14 2.67536e+14 1.92958e+14 1.42041e+14 8.56591e+13 6.22814 4.8961
0.250 CL76_H1 0 1.4659 1.1469 0.7496 0.5321 0.3262 5.30668e+14 4.41993e+14 3.07956e+14 2.19907e+14 1.25946e+14 5.26919 4.12254
0.250 CL77_H1 0 1.3209 1.0425 0.6887 0.4944 0.3088 3.89686e+14 3.30749e+14 2.38633e+14 1.76543e+14 1.07461e+14 6.31858 4.98685
0.250 CL77_H2 0 1.1933 0.9381 0.6191 0.4422 0.2769 2.8647e+14 2.4183e+14 1.73364e+14 1.26974e+14 7.68458e+13 6.07624 4.77677
0.250 CL78_H1 0 1.7008 1.3354 0.8772 0.6249 0.3842 8.2927e+14 6.95795e+14 4.91675e+14 3.55635e+14 2.07399e+14 5.62843 4.41922
0.250 CL79_H1 0 1.3789 1.0686 0.68 0.4712 0.274 4.42851e+14 3.56968e+14 2.30467e+14 1.52789e+14 7.57177e+13 3.82664 2.96552
0.250 CL79_H2 0 1.173 0.9265 0.6162 0.4422 0.2798 2.72121e+14 2.32245e+14 1.70194e+14 1.27112e+14 7.96897e+13 6.83853 5.40145
0.250 CL7_H1 0 1.84 1.4514 0.9642 0.6945 0.4393 1.05049e+15 8.9569e+14 6.55618e+14 4.91197e+14 3.07874e+14 6.8353 5.39171
0.250 CL7_H2 0 1.1411 0.8888 0.5727 0.4016 0.2392 2.51418e+14 2.05637e+14 1.37289e+14 9.412e+13 4.97359e+13 4.34071 3.38097
0.250 CL80_H1 0 1.289 1.0077 0.6539 0.4596 0.2798 3.60601e+14 2.98412e+14 2.04151e+14 1.42644e+14 7.94971e+13 4.86366 3.80225
0.250 CL80_H2 0 1.1759 0.9265 0.6133 0.4393 0.274 2.75033e+14 2.32883e+14 1.67895e+14 1.23694e+14 7.49085e+13 6.20691 4.89047
0.250 CL81_H1 0 1.869 1.4514 0.9323 0.651 0.3842 1.10052e+15 8.95536e+14 5.92764e+14 4.02321e+14 2.08204e+14 4.20232 3.26338
0.250 CL82_H1 0 1.7559 1.3731 0.8946 0.6307 0.3842 9.13375e+14 7.57478e+14 5.22168e+14 3.67492e+14 2.06277e+14 4.992 3.9037
0.250 CL83_H1 0 1.1527 0.9033 0.593 0.4219 0.2595 2.58139e+14 2.15817e+14 1.51759e+14 1.09189e+14 6.33081e+13 5.46127 4.27966
0.250 CL83_H2 0 1.0715 0.8424 0.5582 0.3987 0.2479 2.07217e+14 1.75206e+14 1.26424e+14 9.28959e+13 5.60371e+13 6.22083 4.89074
0.250 CL84_H1 0 1.6341 1.2861 0.8511 0.6133 0.3813 7.34866e+14 6.23186e+14 4.51154e+14 3.35634e+14 2.03973e+14 6.43324 5.06321
0.250 CL84_H2 0 1.1063 0.8598 0.5524 0.3871 0.2305 2.28057e+14 1.85918e+14 1.23377e+14 8.42552e+13 4.42965e+13 4.26328 3.31336
0.250 CL85_H1 0 1.753 1.3615 0.8743 0.6075 0.3581 9.09054e+14 7.38593e+14 4.87187e+14 3.2786e+14 1.68523e+14 4.11702 3.19756
0.250 CL86_H1 0 1.2484 0.9787 0.6365 0.4509 0.274 3.28535e+14 2.73333e+14 1.88618e+14 1.33721e+14 7.51439e+13 5.07502 3.97863
0.250 CL86_H2 0 1.173 0.9265 0.6133 0.4422 0.2798 2.71852e+14 2.32041e+14 1.69422e+14 1.27054e+14 7.96781e+13 6.85096 5.41126
0.250 CL87_H1 0 1.3383 1.0599 0.7061 0.5118 0.3233 4.0421e+14 3.47001e+14 2.5674e+14 1.95019e+14 1.23707e+14 7.30605 5.78621
0.250 CL88_H1 0 1.7617 1.3905 0.9207 0.6655 0.419 9.20876e+14 7.84864e+14 5.72033e+14 4.29226e+14 2.67073e+14 6.74441 5.32332
0.250 CL89_H1 0 1.6747 1.2919 0.8163 0.5611 0.3233 7.931e+14 6.31549e+14 3.98104e+14 2.57447e+14 1.23023e+14 3.48322 2.68703
0.250 CL8_H1 0 1.1904 0.9352 0.6133 0.4393 0.2711 2.84454e+14 2.39134e+14 1.69245e+14 1.23406e+14 7.2643e+13 5.75362 4.52015
0.250 CL90_H1 0 1.5848 1.231 0.7902 0.5495 0.3233 6.72021e+14 5.45778e+14 3.59511e+14 2.41938e+14 1.23892e+14 4.09083 3.17757
0.250 CL90_H2 0 1.3035 1.0222 0.6684 0.4741 0.2885 3.73633e+14 3.11934e+14 2.17737e+14 1.55565e+14 8.84509e+13 5.31074 4.16466
0.250 CL90_H3 0 1.1469 0.9004 0.5901 0.419 0.2566 2.54057e+14 2.12895e+14 1.49779e+14 1.07718e+14 6.22564e+13 5.5328 4.34365
0.250 CL91_H1 0 1.4514 1.1382 0.7438 0.5292 0.3262 5.15475e+14 4.31158e+14 3.01894e+14 2.17071e+14 1.26063e+14 5.45289 4.2762
0.250 CL91_H2 0 1.3093 1.0164 0.651 0.4538 0.2682 3.77951e+14 3.0701e+14 2.02032e+14 1.36454e+14 7.04232e+13 4.12664 3.20348
0.250 CL92_H1 0 1.7849 1.405 0.9265 0.6655 0.4132 9.60974e+14 8.12527e+14 5.8293e+14 4.29832e+14 2.58318e+14 6.13627 4.83022
0.250 CL93_H1 0 1.811 1.4195 0.9294 0.6597 0.4045 1.00186e+15 8.36507e+14 5.85104e+14 4.18741e+14 2.40694e+14 5.34657 4.19075
0.250 CL94_H1 0 1.3209 1.0367 0.68 0.4828 0.2972 3.87915e+14 3.24999e+14 2.2882e+14 1.64567e+14 9.57219e+13 5.53419 4.34347
0.250 CL94_H2 0 1.1034 0.8569 0.5495 0.3842 0.2276 2.26645e+14 1.84305e+14 1.21619e+14 8.25509e+13 4.286e+13 4.16541 3.23485
0.250 CL95_H1 0 1.5152 1.1846 0.767 0.5379 0.3233 5.88011e+14 4.85273e+14 3.29479e+14 2.28472e+14 1.24247e+14 4.68564 3.66328
0.250 CL96_H1 0 1.8777 1.4659 0.9468 0.6655 0.3987 1.11801e+15 9.19859e+14 6.20624e+14 4.29808e+14 2.31553e+14 4.57109 3.5686
0.250 CL97_H1 0 1.8864 1.4543 0.9207 0.6307 0.3639 1.13162e+15 9.00601e+14 5.68857e+14 3.66392e+14 1.75357e+14 3.48353 2.68559
0.250 CL98_H1 0 1.5442 1.1991 0.7641 0.5292 0.3117 6.22456e+14 5.03536e+14 3.26818e+14 2.17295e+14 1.10171e+14 3.91057 3.03663
0.250 CL99_H1 0 1.7066 1.3441 0.8888 0.6394 0.3987 8.39528e+14 7.11402e+14 5.13448e+14 3.80512e+14 2.31146e+14 6.30805 4.96816
0.250 CL9_H1 0 1.7414 1.3557 0.8714 0.6075 0.361 8.90642e+14 7.26816e+14 4.82264e+14 3.2726e+14 1.71295e+14 4.2401 3.30097
0.250 CL9_H3 0 1.4079 1.1005 0.7119 0.5031 0.303 4.71469e+14 3.894e+14 2.64639e+14 1.85334e+14 1.01433e+14 4.74504 3.70901
